##[Gaussian Mapper]Iteration 1081 keyframe id, used times, remaining times:
0 36 1
1 37 0
2 36 1
3 37 0
4 36 1
5 37 0
6 37 0
7 37 0
8 37 0
9 36 1
10 36 1
11 37 0
12 34 0
13 30 1
14 31 0
15 30 0
16 30 0
17 29 0
18 28 0
19 27 0
20 25 1
21 24 0
22 22 0
23 21 0
24 19 0
25 18 1
26 17 1
27 16 1
28 14 0
29 14 0
30 12 1
31 13 0
32 12 0
33 12 0
34 11 1
35 11 1
36 11 0
37 11 0
38 11 0
39 11 0
40 9 1
41 9 1
42 9 0
43 9 0
44 7 1
45 7 1
46 7 0
47 7 0
48 7 0
49 6 0
50 5 1
51 5 1
52 6 0
53 5 0
##=========================================
