##[Gaussian Mapper]Iteration 1181 keyframe id, used times, remaining times:
0 34 0
1 33 1
2 34 0
3 33 1
4 34 0
5 33 1
6 34 0
7 33 1
8 34 0
9 34 0
10 33 1
11 34 0
12 34 0
13 34 0
14 33 1
15 33 0
16 31 0
17 29 0
18 26 1
19 25 1
20 23 1
21 20 1
22 18 1
23 17 1
24 18 0
25 18 0
26 17 0
27 16 1
28 17 0
29 16 1
30 16 0
31 15 1
32 16 0
33 16 0
34 15 0
35 14 0
36 13 1
37 14 0
38 13 1
39 13 1
40 13 1
41 12 1
42 13 0
43 12 1
44 13 0
45 12 1
46 12 1
47 12 1
48 11 1
49 12 0
50 8 1
51 8 1
52 8 0
53 6 1
54 5 1
55 6 0
56 5 0
57 5 0
58 5 0
59 4 1
60 5 0
61 5 0
62 4 1
63 5 0
64 3 1
65 4 0
##=========================================
