1.000000000 0.000000000 0.000000000 0.000000000 0.000000000 1.000000000 0.000000000 0.000000000 0.000000000 0.000000000 1.000000000 0.000000000
0.999974608 -0.006363711 0.003199176 0.005294838 0.006383378 0.999960542 -0.006175211 0.000102476 -0.003159753 0.006195476 0.999975801 0.002660044
0.999961495 -0.007950518 0.003706758 0.020112129 0.007985875 0.999921799 -0.009623034 -0.000008719 -0.003629960 0.009652266 0.999946833 -0.004501826
0.999960244 -0.005457775 0.007051583 0.024693836 0.005533169 0.999927282 -0.010716891 0.003789718 -0.006992580 0.010755483 0.999917686 -0.014117595
0.999987662 0.001330307 0.004787922 0.031660587 -0.001301806 0.999981463 -0.005950967 -0.001197071 -0.004795750 0.005944661 0.999970853 -0.017808475
0.999895394 0.014450280 -0.000665489 0.038902082 -0.014453050 0.999886036 -0.004363974 -0.000274592 0.000602352 0.004373136 0.999990284 -0.017793063
0.999389470 0.033782966 -0.008909677 0.031484917 -0.033808656 0.999424517 -0.002748554 -0.005134677 0.008811696 0.003048100 0.999956548 -0.036418524
0.997924328 0.053885464 -0.035261851 0.032174256 -0.053806912 0.998546302 0.003173480 -0.011406616 0.035381597 -0.001269561 0.999373078 -0.054818317
0.997123837 0.059239652 -0.047272731 0.031134743 -0.059140984 0.998243570 0.003484387 -0.014288954 0.047396112 -0.000678610 0.998875916 -0.053171419
0.996568024 0.056777440 -0.060237486 0.043759242 -0.056727804 0.998386443 0.002535136 -0.022483228 0.060284231 0.000890705 0.998180866 -0.054453339
0.995891869 0.059191141 -0.068525895 0.062700704 -0.059319232 0.998239040 0.000165846 -0.025412749 0.068415046 0.003899739 0.997649312 -0.050722830
0.995736420 0.053656556 -0.075032800 0.100151099 -0.054081552 0.998529851 -0.003642392 -0.028920785 0.074727058 0.007684753 0.997174442 -0.040220175
0.995946288 0.054235287 -0.071759783 0.102250569 -0.055139348 0.998421609 -0.010676567 -0.033212487 0.071067475 0.014590075 0.997364819 -0.043391742
0.995953381 0.053608958 -0.072131142 0.101849057 -0.054979276 0.998340249 -0.017146740 -0.032551575 0.071092203 0.021043073 0.997247756 -0.044666372
0.995664060 0.047986276 -0.079689547 0.102854900 -0.049834736 0.998528838 -0.021370132 -0.033767957 0.078546837 0.025248781 0.996590614 -0.043488935
0.994891226 0.035747152 -0.094411515 0.119758874 -0.038220350 0.998968482 -0.024518339 -0.041603055 0.093437664 0.028001523 0.995231271 -0.044759404
0.994125843 0.025964746 -0.105069563 0.126148924 -0.029338719 0.999098122 -0.030694431 -0.045760613 0.104177833 0.033596732 0.993991077 -0.060209855
0.992384493 0.023015978 -0.121009268 0.120288320 -0.027362281 0.999034226 -0.034378815 -0.035122175 0.120101146 0.037428092 0.992055893 -0.054733977
0.990135014 0.024029668 -0.138040677 0.129799232 -0.028637886 0.999093592 -0.031494252 -0.034900799 0.137158766 0.035136752 0.989925683 -0.057682168
0.986515880 0.015615975 -0.162918717 0.171111688 -0.019408027 0.999575913 -0.021710064 -0.053684603 0.162510604 0.024579253 0.986400604 -0.059525035
0.985653639 0.008651854 -0.168558761 0.175322816 -0.013284900 0.999563754 -0.026377933 -0.063878447 0.168257013 0.028238790 0.985338569 -0.050749037
0.983813822 0.006565767 -0.179073304 0.187262177 -0.012829731 0.999344766 -0.033844259 -0.052462079 0.178733766 0.035593908 0.983253419 -0.056720320
0.982803404 0.007890165 -0.184486270 0.209281787 -0.014533056 0.999292672 -0.034683097 -0.051655483 0.184082121 0.036767814 0.982222915 -0.039663069
0.983379245 0.012120133 -0.181158453 0.218438998 -0.019194169 0.999118030 -0.037346892 -0.041402664 0.180546016 0.040203340 0.982744515 -0.040061384
0.983866751 0.017180774 -0.178075999 0.223100379 -0.023352958 0.999194860 -0.032622341 -0.042775411 0.177372158 0.036254641 0.983475864 -0.047890373
0.983046174 0.020022921 -0.182261661 0.226367727 -0.025351617 0.999315143 -0.026953556 -0.056425855 0.181597158 0.031117219 0.982880533 -0.045886669
0.980937064 0.020113632 -0.193282023 0.226589501 -0.026678920 0.999149978 -0.031424582 -0.068366528 0.192485675 0.035982095 0.980639875 -0.057832431
0.977362633 0.023566846 -0.210254431 0.250700176 -0.032304689 0.998746991 -0.038220737 -0.061910972 0.209090233 0.044147726 0.976899326 -0.051675700
0.976624966 0.022795672 -0.213738307 0.270982623 -0.032756329 0.998530328 -0.043176532 -0.062094115 0.212439939 0.049168557 0.975936353 -0.051842127
0.976285577 0.025799574 -0.214943960 0.275952309 -0.036503706 0.998275220 -0.045979269 -0.058995247 0.213386968 0.052735142 0.975543439 -0.058866352
0.975060165 0.027515441 -0.220228523 0.284818590 -0.038269721 0.998266518 -0.044715080 -0.063059926 0.218616396 0.052027974 0.974422872 -0.059907023
0.973032057 0.026335165 -0.229161695 0.298538655 -0.038090482 0.998167217 -0.047025137 -0.061562106 0.227503285 0.054485843 0.972251773 -0.061336104
0.971100926 0.028718781 -0.236935079 0.316772372 -0.041114490 0.998022735 -0.047541812 -0.063372955 0.235101253 0.055909365 0.970361531 -0.058439132
0.970022857 0.028366890 -0.241352424 0.322341084 -0.041322891 0.997953951 -0.048788808 -0.067059569 0.239474609 0.057299636 0.969210327 -0.057662737
0.967774451 0.030018480 -0.250023037 0.334078670 -0.043847166 0.997790098 -0.049923494 -0.064806573 0.247971877 0.059277482 0.966951966 -0.062182792
0.965790451 0.025655521 -0.258051544 0.350033909 -0.039966803 0.997930825 -0.050366372 -0.061603867 0.256225437 0.058956854 0.964817405 -0.056895994
0.964071393 0.020985629 -0.264813066 0.358727634 -0.035071936 0.998203456 -0.048577372 -0.071656555 0.263317883 0.056119557 0.963075459 -0.058417059
0.961738586 0.017489282 -0.273409903 0.367284656 -0.032619402 0.998171389 -0.050890755 -0.081096895 0.272019923 0.057862069 0.960550427 -0.059812944
0.958860695 0.015442401 -0.283456624 0.370984107 -0.032135006 0.998005569 -0.054334220 -0.074780926 0.282052219 0.061207827 0.957444608 -0.062318426
0.955539227 0.008695428 -0.294735759 0.394344747 -0.025771342 0.998202801 -0.054101773 -0.065797970 0.293735594 0.059292100 0.954046011 -0.057558231
0.953682065 0.004049140 -0.300789177 0.400288016 -0.020138819 0.998525500 -0.050410260 -0.069769561 0.300141573 0.054132897 0.952357411 -0.057295926
0.950283647 0.000391713 -0.311385304 0.411844969 -0.015946105 0.998748302 -0.047407825 -0.076850086 0.310976952 0.050016265 0.949100494 -0.057917632
0.947679162 -0.003639513 -0.319203734 0.436602890 -0.012721888 0.998710036 -0.049156964 -0.074253835 0.318970859 0.050645903 0.946410358 -0.037538175
0.946976781 -0.006900911 -0.321227908 0.442966819 -0.009967691 0.998657107 -0.050838720 -0.078841195 0.321147382 0.051344987 0.945636332 -0.039164603
0.944600582 -0.012304747 -0.327991396 0.450669080 -0.005881829 0.998501956 -0.054398671 -0.078754693 0.328169435 0.053314202 0.943113148 -0.041351046
0.943092585 -0.016554207 -0.332118034 0.470392585 -0.002559076 0.998369217 -0.057029895 -0.057467531 0.332520485 0.054634385 0.941512167 -0.032674238
0.943952501 -0.013866143 -0.329789966 0.468722463 -0.002302222 0.998816371 -0.048585225 -0.068728283 0.330073327 0.046621393 0.942803323 -0.031971503
0.942073941 -0.016061403 -0.335020512 0.471603513 -0.000478967 0.998787344 -0.049230263 -0.077209406 0.335404962 0.046539009 0.940923810 -0.026235759
0.940503418 -0.014095143 -0.339491814 0.482869208 -0.003140704 0.998735905 -0.050166667 -0.066082969 0.339769751 0.048248164 0.939270258 -0.029458076
0.940231919 -0.009677449 -0.340397298 0.489051521 -0.006231338 0.998939812 -0.045611683 -0.070573598 0.340477824 0.045006689 0.939174771 -0.016732223
0.939186811 -0.009809116 -0.343266547 0.484875441 -0.006139325 0.998952627 -0.045343235 -0.079143167 0.343351781 0.044693194 0.938142896 -0.024238773
0.935590029 -0.011016874 -0.352916300 0.493079662 -0.006122645 0.998856664 -0.047412273 -0.084724486 0.353035152 0.046519231 0.934452891 -0.021705825
0.933784544 -0.012642727 -0.357612342 0.500624478 -0.005809030 0.998708367 -0.050475836 -0.075848795 0.357788593 0.049210936 0.932505012 -0.017905679
0.932365179 -0.008055994 -0.361428082 0.496190041 -0.009262532 0.998891175 -0.046158902 -0.074932240 0.361399174 0.046384692 0.931256711 -0.017643450
0.928454220 -0.007437581 -0.371372342 0.495214522 -0.009060465 0.999048591 -0.042659972 -0.082756609 0.371336281 0.042972635 0.927503467 -0.015905738
0.923123598 -0.007741318 -0.384425402 0.499135524 -0.009118435 0.999075353 -0.042014919 -0.079015180 0.384395182 0.042290322 0.922199488 -0.004380379
0.918623209 -0.000142506 -0.395134717 0.512424529 -0.015634652 0.999203682 -0.036708359 -0.074148394 0.394825310 0.039898943 0.917889476 -0.001158688
0.915598631 0.004483157 -0.402068555 0.519969046 -0.018316852 0.999364853 -0.030568359 -0.087549224 0.401676118 0.035352975 0.915099144 0.011287916
0.911398530 0.005033336 -0.411494166 0.513718605 -0.020252846 0.999262154 -0.032634228 -0.083174258 0.411026269 0.038076714 0.910827994 0.023819117
0.905081630 0.008888498 -0.425144941 0.520709276 -0.024651501 0.999196887 -0.031589843 -0.078232564 0.424522728 0.039071850 0.904573858 0.023763008
0.898874521 0.011583638 -0.438053012 0.530165613 -0.026330721 0.999272048 -0.027605813 -0.089523405 0.437414348 0.036348414 0.898525178 0.032491803
0.891382873 0.010144043 -0.453137666 0.532774329 -0.028436787 0.999031603 -0.033574447 -0.094100192 0.452358276 0.042813465 0.890808105 0.046949726
0.884047627 0.014259221 -0.467179269 0.551423490 -0.035432696 0.998702824 -0.036567260 -0.080494434 0.466051847 0.048880618 0.883406103 0.037207134
0.878478646 0.011038318 -0.477654070 0.581896663 -0.029794388 0.999053001 -0.031708866 -0.076345518 0.476851732 0.042086974 0.877975583 0.036343869
0.876529753 0.008974619 -0.481263965 0.577719629 -0.024044845 0.999394298 -0.025156338 -0.086471140 0.480746716 0.033622198 0.876214683 0.061014466
0.871313334 -0.003451641 -0.490714967 0.587396443 -0.012427979 0.999499321 -0.029097499 -0.093336292 0.490569711 0.031451635 0.870834172 0.060808022
0.866738617 -0.008777277 -0.498685449 0.595823526 -0.007819108 0.999483168 -0.031181706 -0.080709971 0.498701364 0.030925663 0.866222024 0.059733033
0.862075508 -0.010403508 -0.506673038 0.609279931 -0.003567606 0.999639928 -0.026595671 -0.089232564 0.506767333 0.024735086 0.861727953 0.058913630
0.853495300 -0.013667727 -0.520921290 0.623848081 0.001598958 0.999719977 -0.023610469 -0.088664763 0.521098077 0.019318495 0.853278160 0.064897284
0.848686516 -0.017144632 -0.528618276 0.633073449 0.006810003 0.999745846 -0.021491345 -0.087199651 0.528852403 0.014639523 0.848587573 0.070112906
0.844299853 -0.016441839 -0.535618722 0.644014001 0.008133953 0.999807239 -0.017869379 -0.078651279 0.535809338 0.010730417 0.844270825 0.071670309
0.841038585 -0.012854012 -0.540822506 0.651875973 0.009975355 0.999916196 -0.008252759 -0.073497511 0.540883303 0.001545992 0.841096282 0.078842059
0.833490491 -0.003026612 -0.552525520 0.670207083 0.016507551 0.999675035 0.019425813 -0.057674292 0.552287221 -0.025312074 0.833269536 0.074898832
0.830736160 0.006945510 -0.556623101 0.676683486 0.021952167 0.998735607 0.045224838 -0.078080960 0.556233406 -0.049788989 0.829533279 0.102987625
0.826865554 0.005735489 -0.562370479 0.677992821 0.030238481 0.998048186 0.054639172 -0.076974131 0.561586201 -0.062184479 0.825078249 0.105207197
0.821467280 0.008539551 -0.570191801 0.680859566 0.035921928 0.997127175 0.066685826 -0.073322617 0.569123209 -0.075262606 0.818800569 0.111667253
0.814804137 0.015763851 -0.579522014 0.692187369 0.037184909 0.996150732 0.079378515 -0.080712140 0.578542590 -0.086227417 0.811081588 0.124698684
0.810017824 0.019505048 -0.586080849 0.697149336 0.038711615 0.995487869 0.086633347 -0.084734201 0.585126102 -0.092862688 0.805607855 0.123606049
0.803260863 0.019886389 -0.595295310 0.700051665 0.044988357 0.994561911 0.093929216 -0.089883491 0.593925953 -0.102231026 0.797997952 0.118776567
0.795964122 0.029934997 -0.604603231 0.711957693 0.041484922 0.993730903 0.103816591 -0.071950138 0.603920639 -0.107716195 0.789732337 0.125799045
0.791352570 0.035649002 -0.610319853 0.720376074 0.044580415 0.992275894 0.115763031 -0.083530053 0.609732509 -0.118817680 0.783650815 0.140715748
0.785351872 0.034427136 -0.618091643 0.721088290 0.048700228 0.991922021 0.117128015 -0.092504404 0.617131054 -0.122087911 0.777331173 0.160083368
0.779105902 0.028317222 -0.626252472 0.728771508 0.049611062 0.993061066 0.106623150 -0.092778057 0.624926150 -0.114139773 0.772294879 0.168703020
0.775777102 0.024529200 -0.630530119 0.741566896 0.047126304 0.994201243 0.096659094 -0.085984625 0.629244804 -0.104700461 0.770122588 0.172633335
0.776168585 0.025564712 -0.630006969 0.745709896 0.041559283 0.994930685 0.091573805 -0.083413258 0.629154265 -0.097259343 0.771171510 0.174465433
0.776539683 0.026786581 -0.629498661 0.746743619 0.037088767 0.995420098 0.088109486 -0.081354648 0.628975809 -0.091767840 0.771989703 0.176621333
0.776628613 0.029518057 -0.629266798 0.768660903 0.031253871 0.995866060 0.085287645 -0.072658330 0.629182994 -0.085903853 0.772495568 0.197591424
0.784742236 0.038014021 -0.618655384 0.799731493 0.020256095 0.996011496 0.086895242 -0.088279083 0.619491160 -0.080721915 0.780842304 0.188502669
0.801248550 0.062294487 -0.595080018 0.797714472 -0.011156056 0.995947897 0.089237235 -0.095486723 0.598227739 -0.064862452 0.798696756 0.175870135
0.802627087 0.055371914 -0.593905509 0.781419039 -0.007055242 0.996493518 0.083371893 -0.091869310 0.596439421 -0.062726393 0.800203323 0.204184577
0.802939177 0.048678540 -0.594069898 0.787210166 -0.004332243 0.997109950 0.075848535 -0.081881292 0.596045196 -0.058328107 0.800829530 0.215107471
0.812928736 0.039436020 -0.581026435 0.802847385 0.004584469 0.997240305 0.074099965 -0.085925840 0.582345128 -0.062901683 0.810504496 0.216120467
0.810985506 0.033520807 -0.584105134 0.804827690 0.013744240 0.996990323 0.076298408 -0.097665384 0.584904790 -0.069904990 0.808083951 0.219425693
0.807762861 0.027793607 -0.588852048 0.816729426 0.018783944 0.997167230 0.072832972 -0.083805308 0.589208245 -0.069892734 0.804952621 0.216488034
0.808642447 0.030956702 -0.587485373 0.817637622 0.021618670 0.996376455 0.082259580 -0.070121087 0.587903082 -0.079219237 0.805043042 0.222165659
0.807675779 0.035016526 -0.588586211 0.815261304 0.025935650 0.995158970 0.094794281 -0.093715660 0.589056253 -0.091828413 0.802857637 0.238853514
0.801760554 0.028483553 -0.596966267 0.816015303 0.023294033 0.996615291 0.078837588 -0.095051393 0.597191334 -0.077114627 0.798383296 0.258836001
0.803454757 0.032590307 -0.594473124 0.818596721 0.016231941 0.996930361 0.076592028 -0.084049352 0.595144510 -0.071187690 0.800459504 0.255983442
0.806063771 0.038700990 -0.590562046 0.816243231 0.013732602 0.996367872 0.084038228 -0.091100588 0.591669381 -0.075850129 0.802604616 0.258331954
0.806049943 0.037380867 -0.590665936 0.811167240 0.014579093 0.996446550 0.082956396 -0.102006875 0.591668010 -0.075478368 0.802640676 0.265361279
0.807733536 0.037857674 -0.588331044 0.809898913 0.009839842 0.996931374 0.077659480 -0.089460939 0.589465678 -0.068517245 0.804882407 0.271168917
0.816047072 0.042791367 -0.576399207 0.813133001 0.005248597 0.996665895 0.081422389 -0.091725282 0.577961564 -0.069469795 0.813101709 0.279631257
0.825408518 0.045129165 -0.562729180 0.794360757 -0.000640102 0.996873856 0.079007350 -0.095352195 0.564535558 -0.064853139 0.822857022 0.274184763
0.829621792 0.041838650 -0.556756079 0.790957630 0.001327194 0.997037768 0.076902241 -0.082771316 0.558324277 -0.064538702 0.827108681 0.272848040
0.835002780 0.045291506 -0.548378527 0.798239529 0.001630299 0.996398628 0.084776647 -0.076112740 0.550243318 -0.071682759 0.831921816 0.289532393
0.847116232 0.048472378 -0.529192328 0.776770711 -0.000075996 0.995842278 0.091094412 -0.093334511 0.531407595 -0.077127345 0.843597829 0.284229755
0.853138030 0.040368348 -0.520121098 0.764451265 0.004786251 0.996353984 0.085181125 -0.089281410 0.521663308 -0.075160690 0.849834263 0.278204143
0.859218717 0.033165012 -0.510532379 0.749957323 0.014209636 0.995964646 0.088614099 -0.080354288 0.511411071 -0.083393373 0.855280221 0.272589654
0.860264063 0.027818074 -0.509089351 0.740163863 0.021315699 0.995675027 0.090425961 -0.088731393 0.509402990 -0.088641800 0.855950475 0.280005693
0.859377325 0.020052049 -0.510948658 0.731989682 0.027116332 0.996037722 0.084696881 -0.085637562 0.510622501 -0.086641632 0.855428517 0.276896775
0.861224890 0.018044220 -0.507903576 0.732079148 0.026938843 0.996343851 0.081075720 -0.070182256 0.507509589 -0.083506770 0.857590020 0.282710433
0.870138228 0.019066745 -0.492438793 0.733557224 0.027878607 0.995746553 0.087815762 -0.062007986 0.492018580 -0.090140358 0.865905523 0.289997280
0.879311562 0.021131638 -0.475777924 0.720628381 0.026056543 0.995384097 0.092366450 -0.084806509 0.475533605 -0.093616016 0.874702096 0.290919811
0.886942208 0.006037436 -0.461840898 0.713701844 0.034635887 0.996229768 0.079539731 -0.072842397 0.460579902 -0.086543411 0.883389175 0.291742504
0.894734859 0.000055823 -0.446597755 0.718083143 0.039046183 0.996160865 0.078351483 -0.050517276 0.444887578 -0.087541744 0.891297638 0.285833448
0.907660663 0.004861088 -0.419676661 0.692550302 0.036985695 0.995116353 0.091517627 -0.057806902 0.418071985 -0.098588988 0.903048217 0.280060053
0.913499236 0.004147559 -0.406819344 0.679765463 0.038720764 0.994522572 0.097085439 -0.063222304 0.404993653 -0.104439832 0.908334970 0.285648108
0.917277396 -0.005218286 -0.398214728 0.673320591 0.046681341 0.994429946 0.094498076 -0.079463765 0.395503551 -0.105270140 0.912411749 0.293776780
0.922516465 -0.009202801 -0.385847926 0.657626390 0.044265050 0.995641768 0.082085565 -0.062523484 0.383410931 -0.092804864 0.918903351 0.282463551
0.927098751 0.000904744 -0.374816030 0.645885587 0.033129074 0.995885491 0.084347896 -0.057659943 0.373350173 -0.090616144 0.923254251 0.278197318
0.930859149 0.010222904 -0.365235180 0.634374082 0.024127405 0.995706916 0.089362234 -0.063610055 0.364580721 -0.091995835 0.926616251 0.282036424
0.934634924 0.011148531 -0.355433971 0.629502535 0.021524888 0.995902121 0.087838434 -0.066446349 0.354956716 -0.089747541 0.930564940 0.286250710
0.940368891 0.012315208 -0.339933395 0.613785088 0.017886855 0.996171534 0.085570611 -0.069689654 0.339685798 -0.086548276 0.936548471 0.283035457
0.944149792 0.010244162 -0.329357266 0.608899832 0.017062953 0.996655822 0.079912886 -0.068810232 0.329074442 -0.081069544 0.940817595 0.289307743
0.950527251 0.008737274 -0.310518235 0.601261020 0.014742753 0.997209191 0.073188223 -0.073498689 0.310291082 -0.074145295 0.947745681 0.283329934
0.955431700 0.006683992 -0.295136511 0.584960938 0.012684971 0.997890770 0.063663833 -0.074036472 0.294939518 -0.064570241 0.953331709 0.279089332
0.959909260 -0.001709757 -0.280305713 0.572685242 0.017136559 0.998468935 0.052594021 -0.070168227 0.279786617 -0.055288963 0.958468854 0.283342093
0.964693487 -0.000840119 -0.263373822 0.555380285 0.013402340 0.998855948 0.045904305 -0.066038914 0.263033956 -0.047813412 0.963601053 0.277261347
0.968610823 -0.001043667 -0.248579994 0.545434654 0.012250690 0.998976529 0.043541532 -0.066467538 0.248280123 -0.045220073 0.967632234 0.277080864
0.973052442 -0.002606077 -0.230569199 0.531584263 0.011879606 0.999174774 0.038841069 -0.072464541 0.230277702 -0.040533468 0.972280443 0.278691471
0.976808488 -0.002831443 -0.214096054 0.513075709 0.009254317 0.999536455 0.029003646 -0.075896434 0.213914678 -0.030312322 0.976381958 0.271727651
0.979474187 -0.000552441 -0.201568767 0.496363312 0.004926773 0.999763131 0.021200394 -0.063293673 0.201509312 -0.021758324 0.979244888 0.261011422
0.981915355 0.005659787 -0.189235881 0.484166294 -0.001274993 0.999728084 0.023284771 -0.067484036 0.189316198 -0.022622399 0.981655538 0.262173742
0.984443605 0.008886301 -0.175475970 0.459806949 -0.005475632 0.999786735 0.019911306 -0.087366961 0.175615475 -0.018640717 0.984282315 0.260442525
0.985399663 0.006043272 -0.170149893 0.445555687 -0.005084962 0.999968648 0.006067373 -0.075017482 0.170181215 -0.005113582 0.985399544 0.252095878
0.986700714 0.002058611 -0.162534595 0.437216789 -0.001885879 0.999997497 0.001217022 -0.069777556 0.162536681 -0.000894316 0.986702085 0.251849264
0.988484442 0.007136067 -0.151154160 0.418503165 -0.007204724 0.999974012 0.000093442 -0.076875903 0.151150912 0.000996659 0.988510191 0.246577561
0.989459872 0.009781990 -0.144476593 0.398783147 -0.010706482 0.999926865 -0.005622776 -0.083565786 0.144411027 0.007110347 0.989492238 0.247326851
0.989829540 0.008471370 -0.142005950 0.388178736 -0.010670843 0.999834478 -0.014734226 -0.078558631 0.141857624 0.016099695 0.989756167 0.242763713
0.990642607 0.006342733 -0.136334285 0.380082130 -0.008989247 0.999782741 -0.018805070 -0.076936111 0.136185393 0.019854644 0.990484416 0.243257806
0.991719246 0.005483452 -0.128307551 0.369682968 -0.008433416 0.999712169 -0.022459373 -0.076534517 0.128147453 0.023355465 0.991480052 0.240162849
0.992625415 0.006467419 -0.121049553 0.355561912 -0.009583976 0.999636948 -0.025181651 -0.077951364 0.120842740 0.026156083 0.992327034 0.242489234
0.993448019 0.006597113 -0.114094332 0.342233986 -0.009829651 0.999565363 -0.027792800 -0.075934507 0.113861397 0.028732210 0.993081093 0.239762083
0.994186461 0.003874166 -0.107602596 0.334204942 -0.007194108 0.999509394 -0.030482706 -0.080391698 0.107431710 0.031079598 0.993726552 0.239407137
0.995263994 -0.000712097 -0.097206607 0.335193157 -0.002674181 0.999394178 -0.034701154 -0.078543812 0.097172424 0.034796759 0.994659066 0.238690823
0.996744990 0.000806131 -0.080614939 0.314632267 -0.003854734 0.999282837 -0.037668377 -0.075351484 0.080526754 0.037856512 0.996033311 0.238205627
0.997607529 0.002582702 -0.069083765 0.304011405 -0.005137919 0.999308169 -0.036835160 -0.067799769 0.068940833 0.037101980 0.996930599 0.236988574
0.999340415 0.014530504 -0.033281107 0.280426383 -0.015555128 0.999406457 -0.030737830 -0.080215320 0.032814715 0.031235246 0.998973250 0.236454159
0.999744296 0.012846166 -0.018611139 0.258806050 -0.013499364 0.999281764 -0.035407387 -0.075102113 0.018142922 0.035649568 0.999199629 0.239424974
0.999883890 0.014064887 -0.005859218 0.252781063 -0.014251278 0.999350846 -0.033087559 -0.058699675 0.005390042 0.033167221 0.999435306 0.220958680
0.999729335 0.017033333 0.015848454 0.237341195 -0.016735407 0.999684215 -0.018744951 -0.064151213 -0.016162738 0.018474648 0.999698699 0.227445304
0.999340773 0.014862978 0.033121966 0.211551338 -0.014474136 0.999823868 -0.011948754 -0.077189252 -0.033293724 0.011461466 0.999379873 0.236210391
0.999084949 0.005333302 0.042436309 0.203751013 -0.004653202 0.999859393 -0.016109016 -0.073723763 -0.042516254 0.015896812 0.998969316 0.237720355
0.998268545 0.004554534 0.058644507 0.197141066 -0.003646458 0.999871969 -0.015582127 -0.064970121 -0.058707964 0.015341301 0.998157322 0.238779888
0.996986032 0.007284211 0.077238776 0.168831289 -0.006350547 0.999903858 -0.012326783 -0.078298643 -0.077321135 0.011799121 0.996936440 0.245925844
0.996189237 -0.001313955 0.087208003 0.151606664 0.003091853 0.999790072 -0.020254929 -0.078543060 -0.087163076 0.020447377 0.995984197 0.244038165
0.995176554 -0.011806706 0.097386919 0.139402822 0.014260853 0.999597073 -0.024542488 -0.068203166 -0.097057916 0.025812928 0.994943917 0.239630401
0.994512558 -0.014239750 0.103643797 0.117387466 0.016779330 0.999578953 -0.023672428 -0.078096688 -0.103263073 0.025281601 0.994332731 0.245399803
0.994464457 -0.013133400 0.104249746 0.114814863 0.016660035 0.999315500 -0.033030313 -0.077675708 -0.103744581 0.034584273 0.994002521 0.270247757
0.993285120 -0.012589270 0.115004897 0.106291838 0.017454527 0.998990357 -0.041396175 -0.067659244 -0.114367634 0.043125559 0.992502034 0.243673488
0.991661012 -0.014077168 0.128102586 0.088093042 0.019506015 0.998959541 -0.041223470 -0.067152582 -0.127388999 0.043378476 0.990903795 0.245584220
0.990433872 -0.015248216 0.137143269 0.071304306 0.021303479 0.998856783 -0.042793959 -0.074076079 -0.136333957 0.045306213 0.989626408 0.249488235
0.989520788 -0.012382338 0.143858537 0.064283520 0.019577028 0.998621345 -0.048704859 -0.072413206 -0.143057123 0.051010791 0.988398969 0.244837850
0.987842262 -0.007415719 0.155282572 0.054366026 0.015901729 0.998442411 -0.053478204 -0.071407542 -0.154644117 0.055297293 0.986421525 0.248213097
0.986040354 0.000830022 0.166504547 0.030858086 0.008912090 0.998291075 -0.057753887 -0.067000471 -0.166267946 0.058431569 0.984347880 0.256197065
0.985185802 0.005799054 0.171392128 0.019941466 0.004504274 0.998208284 -0.059665579 -0.065697275 -0.171431050 0.059553679 0.983394504 0.253524423
0.983480394 0.009057119 0.180787936 0.008377886 0.001454558 0.998319805 -0.057926603 -0.058570389 -0.181008831 0.057232648 0.981814742 0.249901846
0.981220067 0.015838321 0.192240417 -0.008176556 -0.005709420 0.998571336 -0.053128757 -0.064396814 -0.192807257 0.051033422 0.979908645 0.254455179
0.978967965 0.019690689 0.203061625 -0.023216031 -0.008854551 0.998494387 -0.054134898 -0.069738381 -0.203821853 0.051198311 0.977668345 0.255979657
0.977090478 0.019671271 0.211913377 -0.046413489 -0.007876359 0.998379409 -0.056360196 -0.063968219 -0.212678641 0.053399902 0.975661933 0.251342118
0.976377010 0.016256562 0.215461582 -0.057291709 -0.004843685 0.998561859 -0.053391982 -0.059336882 -0.216019690 0.051087078 0.975051582 0.252088398
0.974180937 0.016786680 0.225143626 -0.067829743 -0.005893873 0.998782992 -0.048966751 -0.056952138 -0.225691631 0.046375506 0.973094344 0.248505697
0.970961332 0.016424092 0.238672078 -0.090502650 -0.006327576 0.999054730 -0.043007694 -0.053466812 -0.239152819 0.040248595 0.970147431 0.248956174
0.969155252 0.011817819 0.246167570 -0.109477468 -0.003028583 0.999345303 -0.036052331 -0.058088157 -0.246432453 0.034194767 0.968556523 0.251402169
0.967504144 0.011575904 0.252590030 -0.121146329 -0.003534122 0.999473035 -0.032267805 -0.059331786 -0.252830476 0.030326551 0.967035174 0.253916889
0.964936197 0.009305481 0.262319535 -0.129083902 -0.001454050 0.999545574 -0.030109026 -0.067394257 -0.262480527 0.028671864 0.964511216 0.255023301
0.962356806 0.004770367 0.271747261 -0.157603338 0.004457226 0.999434471 -0.033329174 -0.069100678 -0.271752566 0.033285797 0.961791337 0.258236557
0.961515367 0.002437899 0.274740428 -0.176582202 0.007696933 0.999329150 -0.035804648 -0.047721975 -0.274643391 0.036541376 0.960851550 0.247960478
0.959909678 -0.002145733 0.280301332 -0.185830027 0.009356990 0.999658704 -0.024391124 -0.046312451 -0.280153334 0.026036052 0.959602118 0.251928002
0.957154274 -0.010419467 0.289390922 -0.203815579 0.015565003 0.999758959 -0.015484779 -0.064103007 -0.289159834 0.019325694 0.957085729 0.263502240
0.959077895 -0.024232225 0.282103598 -0.240095094 0.032956887 0.999112725 -0.026222628 -0.063789427 -0.281217873 0.034446798 0.959025502 0.270580679
0.956419230 -0.026015680 0.290835798 -0.262088001 0.036482353 0.998865008 -0.030623024 -0.056852035 -0.289709032 0.039898824 0.956282794 0.266623378
0.956767380 -0.027087811 0.289590180 -0.282007784 0.037492130 0.998833179 -0.030439720 -0.056083951 -0.288427770 0.039981082 0.956666589 0.268477380
0.958073020 -0.028576924 0.285095423 -0.271314979 0.038303215 0.998856843 -0.028597519 -0.051213451 -0.283952266 0.038318582 0.958072424 0.265105665
0.954888344 -0.024143592 0.295982063 -0.273128361 0.032746386 0.999172091 -0.024141796 -0.055658679 -0.295154154 0.032745060 0.954888344 0.258361697
0.951088428 -0.019572839 0.308297992 -0.297995597 0.028299320 0.999314725 -0.023859162 -0.066827014 -0.307619750 0.031416796 0.950990558 0.265539527
0.950052202 -0.017011594 0.311627150 -0.306179047 0.027390074 0.999205291 -0.028957449 -0.058484312 -0.310886919 0.036046579 0.949763119 0.262842894
0.947530985 -0.013480635 0.319379508 -0.310212165 0.023395231 0.999355495 -0.027227042 -0.054617584 -0.318806648 0.033270426 0.947235644 0.253499866
0.943106532 -0.009219009 0.332362950 -0.330910742 0.017932620 0.999570966 -0.023159370 -0.066134952 -0.332006812 0.027801890 0.942867160 0.265280157
0.941460609 -0.005462072 0.337078750 -0.348897368 0.015891097 0.999476314 -0.028188173 -0.071157269 -0.336748242 0.031894606 0.941054404 0.264070719
0.940969110 -0.003146631 0.338477850 -0.366468936 0.015281017 0.999332190 -0.033191055 -0.067472063 -0.338147402 0.036404043 0.940388799 0.263049334
0.941044033 -0.001719495 0.338279724 -0.369372219 0.014423437 0.999281645 -0.035044461 -0.062820792 -0.337976456 0.037857540 0.940392852 0.259150326
0.938630700 0.001679382 0.344919622 -0.387737483 0.010340909 0.999401629 -0.033006746 -0.063971795 -0.344768643 0.034547929 0.938051701 0.261672527
0.938757718 0.003942478 0.344555378 -0.408460855 0.007504579 0.999463439 -0.031882666 -0.072815433 -0.344496191 0.032515839 0.938224435 0.276868314
0.941144168 -0.001844686 0.338000387 -0.419193298 0.015816070 0.999130130 -0.038586114 -0.065348402 -0.337635189 0.041660931 0.940354645 0.265775770
0.938853860 -0.000426394 0.344315618 -0.430307508 0.013313210 0.999296367 -0.035063948 -0.076441251 -0.344058424 0.037503872 0.938198924 0.270012110
0.938238502 0.001140572 0.345987260 -0.450615555 0.013702834 0.999087512 -0.040452529 -0.084889635 -0.345717669 0.042695124 0.937366724 0.280469418
0.938442767 -0.002236163 0.345427543 -0.451793253 0.019785838 0.998685300 -0.047288228 -0.071854487 -0.344867676 0.051211867 0.937253237 0.273133337
0.935398996 -0.001064050 0.353592426 -0.460436195 0.017325651 0.998932242 -0.042827517 -0.061634649 -0.353169292 0.046187036 0.934418678 0.266399771
0.931214213 0.000291156 0.364472300 -0.483284771 0.012299389 0.999405026 -0.032222886 -0.069343328 -0.364264816 0.034489196 0.930656552 0.275069147
0.929479778 -0.005482937 0.368832380 -0.494345695 0.016009483 0.999547005 -0.025485931 -0.071044758 -0.368525535 0.029593473 0.929146469 0.278687537
0.927239418 -0.006484354 0.374412864 -0.501834273 0.015052397 0.999687374 -0.019964192 -0.071011513 -0.374166340 0.024147399 0.927047193 0.285500675
0.924422622 -0.004862854 0.381338596 -0.512681782 0.011113171 0.999837577 -0.014190023 -0.068976395 -0.381207645 0.017355459 0.924326539 0.289937913
0.921961546 -0.005916514 0.387236238 -0.527973950 0.009444216 0.999929428 -0.007207763 -0.064185426 -0.387166262 0.010302423 0.921952367 0.294941008
0.921331942 -0.007783596 0.388698995 -0.537516832 0.007352644 0.999969602 0.002596183 -0.064604737 -0.388707399 0.000466019 0.921361148 0.300261796
0.919550955 -0.009444781 0.392857343 -0.548857808 0.004642704 0.999902487 0.013171850 -0.067702100 -0.392943412 -0.010288266 0.919505119 0.309304625
0.918317616 -0.015317656 0.395547897 -0.566359282 0.007087509 0.999727070 0.022259988 -0.074738093 -0.395780891 -0.017638292 0.918175578 0.319403440
0.918555975 -0.024555396 0.394527435 -0.575448811 0.015365895 0.999532402 0.026435375 -0.078399964 -0.394992113 -0.018220108 0.918503821 0.332633287
0.917014420 -0.030988477 0.397648394 -0.582137406 0.020394791 0.999316096 0.030843748 -0.078749917 -0.398332238 -0.020174207 0.917019308 0.332534820
0.913670123 -0.038602699 0.404619217 -0.592649221 0.025363563 0.998954594 0.038031839 -0.076731689 -0.405664384 -0.024485968 0.913694084 0.339619249
0.910868585 -0.042452551 0.410507202 -0.608794928 0.025712831 0.998600483 0.046216313 -0.093974732 -0.411894679 -0.031541687 0.910685420 0.358866125
0.910706758 -0.045485064 0.410541564 -0.619349122 0.030724712 0.998624623 0.042483650 -0.105506837 -0.411909312 -0.026076376 0.910851657 0.363943100
0.908674002 -0.046765924 0.414878905 -0.625463247 0.034731239 0.998729587 0.036509790 -0.107702799 -0.416059256 -0.018766237 0.909143865 0.367324948
0.901747704 -0.041519817 0.430264086 -0.647538602 0.029749995 0.998977244 0.034049697 -0.106596306 -0.431237787 -0.017903883 0.902060688 0.373405308
0.896093845 -0.037353046 0.442290157 -0.655640543 0.021960940 0.998963416 0.039872609 -0.101799488 -0.443321019 -0.026016494 0.895985246 0.361413300
0.885934174 -0.043312225 0.461784214 -0.656617761 0.020990629 0.998354256 0.053368278 -0.094262898 -0.463335723 -0.037587643 0.885385334 0.364179045
0.875052333 -0.045076668 0.481924772 -0.675763190 0.013162708 0.997502029 0.069400899 -0.110261194 -0.483849287 -0.054385986 0.873459816 0.399990857
0.859925449 -0.052013546 0.507762551 -0.682594836 0.010682106 0.996410310 0.083978273 -0.112848714 -0.510307908 -0.066791080 0.857394218 0.409181446
0.850416183 -0.060251858 0.522649050 -0.705919564 0.014538225 0.995732486 0.091134176 -0.113157474 -0.525909662 -0.069903597 0.847662985 0.415746689
0.847774267 -0.072394162 0.525393188 -0.696031511 0.025370926 0.995041668 0.096168734 -0.116895802 -0.529750168 -0.068199672 0.845407367 0.409616232
0.838796139 -0.082252808 0.538196564 -0.698591828 0.031728148 0.994226992 0.102498814 -0.112719156 -0.543520331 -0.068899632 0.836563468 0.403236061
0.825367093 -0.092811599 0.556915820 -0.705768764 0.033239365 0.992672980 0.116169974 -0.111099273 -0.563617170 -0.077371344 0.822404623 0.391511321
0.814304829 -0.107623369 0.570372641 -0.696396410 0.037204389 0.990316927 0.133746833 -0.116751395 -0.579243958 -0.087690316 0.810423851 0.401933193
0.803314209 -0.122019075 0.582921624 -0.684682488 0.043699615 0.988224685 0.146636769 -0.123193949 -0.593950033 -0.092321955 0.799187124 0.419268668
0.780707896 -0.119451225 0.613373160 -0.682901859 0.040484447 0.989166379 0.141105950 -0.125579700 -0.623583436 -0.085330464 0.777085900 0.427259058
0.754946828 -0.086552992 0.650049210 -0.752717674 0.006167032 0.992145121 0.124940306 -0.126580879 -0.655757070 -0.090314403 0.749550521 0.482627630
0.749419212 -0.091519915 0.655740082 -0.756448627 0.014258817 0.992401719 0.122211076 -0.128030047 -0.661942303 -0.082237251 0.745029867 0.482817829
0.739995003 -0.076946907 0.668196559 -0.787673175 0.001972020 0.993678689 0.112244248 -0.112493679 -0.672609568 -0.081742480 0.735468984 0.503094137
0.729929328 -0.066144302 0.680314660 -0.815523148 -0.016486125 0.993313551 0.114264384 -0.114555240 -0.683323741 -0.094620675 0.723958254 0.519606173
0.721879721 -0.067920081 0.688677430 -0.834582031 -0.020714099 0.992605150 0.119607404 -0.123822019 -0.691708565 -0.100607485 0.715134621 0.552094519
0.721103311 -0.069822550 0.689300239 -0.840679526 -0.014741126 0.993137360 0.116020940 -0.120724678 -0.692670763 -0.093824141 0.715125382 0.569986463
0.728766382 -0.083182767 0.679691315 -0.811980128 0.001844663 0.992829144 0.119527727 -0.114444643 -0.684759974 -0.085853994 0.723693967 0.541533589
0.719414115 -0.088077798 0.688974380 -0.817277491 0.003129106 0.992328346 0.123590931 -0.124551706 -0.694574356 -0.086757198 0.714170575 0.555763125
0.716178536 -0.088683560 0.692259729 -0.834192991 0.010317598 0.993130863 0.116553292 -0.124753401 -0.697840869 -0.076330513 0.712174058 0.578538358
0.723349452 -0.096031532 0.683771491 -0.846029878 0.023174308 0.993099868 0.114959136 -0.117861584 -0.690093040 -0.067309707 0.720583797 0.590970218
0.723312497 -0.099418104 0.683326483 -0.836436391 0.024579991 0.992661059 0.118405290 -0.126919165 -0.690083265 -0.068847872 0.720447898 0.586239576
0.715371013 -0.102886371 0.691128612 -0.848310649 0.030042969 0.992714405 0.116685838 -0.129267767 -0.698098660 -0.062710106 0.713250101 0.600225449
0.715045929 -0.109555393 0.690439641 -0.865183353 0.041169804 0.992529094 0.114852354 -0.125006855 -0.697864115 -0.053699438 0.714214265 0.626104176
0.718006611 -0.113932773 0.686648309 -0.863531768 0.049162555 0.992349625 0.113248810 -0.125535339 -0.694297969 -0.047556013 0.718114793 0.627475560
0.715289712 -0.115970723 0.689138234 -0.865914702 0.053992383 0.992357552 0.110956311 -0.124278635 -0.696739256 -0.042157698 0.716084719 0.630455911
0.713807821 -0.120079160 0.689970613 -0.881943703 0.059996504 0.992054343 0.110583082 -0.119301490 -0.697767019 -0.037539255 0.715340495 0.638582230
0.716986597 -0.123231880 0.686107934 -0.884268343 0.062765472 0.991664827 0.112522706 -0.123283476 -0.694255531 -0.037613381 0.718745112 0.646194041
0.716250420 -0.124616675 0.686626554 -0.883117199 0.065507285 0.991588295 0.111631006 -0.125608966 -0.694761872 -0.034976706 0.718388796 0.649873555
0.711705446 -0.125855044 0.691112101 -0.893366814 0.068579115 0.991568744 0.109947152 -0.123944655 -0.699122488 -0.030854143 0.714335918 0.661336362
0.710506439 -0.125646442 0.692382574 -0.898569047 0.069978036 0.991668820 0.108148038 -0.125015080 -0.700202584 -0.028388310 0.713379622 0.675628722
0.709046483 -0.124910809 0.694010317 -0.904133797 0.071036957 0.991832078 0.105937973 -0.121152319 -0.701574504 -0.025814578 0.712128401 0.675583422
0.703472018 -0.125607893 0.699535489 -0.906989574 0.068669096 0.991666257 0.109007098 -0.116190583 -0.707397938 -0.028646983 0.706234813 0.673072278
0.695945263 -0.127043843 0.706767380 -0.915881813 0.065050930 0.991332591 0.114140555 -0.122607000 -0.715142429 -0.033459708 0.698177457 0.689664662
0.691136956 -0.126458913 0.711574256 -0.920029521 0.064204216 0.991423190 0.113832667 -0.127154127 -0.719866335 -0.032987908 0.693328381 0.696718335
0.671677589 -0.138382107 0.727804661 -0.933701277 0.065381438 0.989639103 0.127827018 -0.107515216 -0.737952948 -0.038273629 0.673766017 0.698932528
0.663425207 -0.144806147 0.734096885 -0.934341073 0.062019147 0.988360643 0.138913065 -0.116524771 -0.745667934 -0.046630368 0.664684057 0.711396456
0.652824461 -0.152700931 0.741958678 -0.942382157 0.065594934 0.987187803 0.145456254 -0.111712150 -0.754663885 -0.046288677 0.654476762 0.704925120
0.637450218 -0.161298096 0.753418982 -0.949608326 0.060720865 0.985317349 0.159570292 -0.105066851 -0.768095195 -0.055969875 0.637884974 0.719705582
0.623761594 -0.165297315 0.763936102 -0.957150102 0.052922890 0.984070778 0.169717073 -0.115484565 -0.779820979 -0.065433301 0.622573555 0.745833278
0.613445520 -0.171292096 0.770936966 -0.968035161 0.056940924 0.983247042 0.173155949 -0.115794517 -0.787681699 -0.062323894 0.612921953 0.762395382
0.608082354 -0.174114212 0.774545133 -0.974331915 0.059496034 0.982903659 0.174242929 -0.111807033 -0.791641414 -0.059871700 0.608045459 0.779570341
0.606194973 -0.176624015 0.775455773 -0.986324787 0.060735688 0.982461870 0.176294655 -0.102066763 -0.792993605 -0.059771117 0.606290877 0.788100243
0.608084917 -0.180009425 0.773194194 -0.990988016 0.053552046 0.981035948 0.186281174 -0.094427928 -0.792063713 -0.071868658 0.606193066 0.798431754
0.606775522 -0.184671521 0.773123503 -0.996800482 0.047387585 0.979311645 0.196731001 -0.104672171 -0.793459415 -0.082735099 0.602973461 0.813966990
0.608352423 -0.188732028 0.770900548 -1.004709005 0.049442001 0.978440166 0.200525045 -0.110130027 -0.792125523 -0.083875030 0.604567707 0.829840422
0.612818360 -0.191148713 0.766756773 -1.006690860 0.053431869 0.978105724 0.201132417 -0.112776555 -0.788415432 -0.082288414 0.609614611 0.839709759
0.611170292 -0.183461189 0.769943535 -1.017598391 0.052738212 0.980043292 0.191660672 -0.103939027 -0.789740264 -0.076531880 0.608648777 0.854421854
0.609754086 -0.184318900 0.770860910 -1.028751969 0.049116664 0.979501903 0.195355102 -0.098659068 -0.791067362 -0.081256464 0.606308401 0.863965809
0.612644672 -0.185003743 0.768401027 -1.027917624 0.043682367 0.978658199 0.200798348 -0.099023581 -0.789150357 -0.089452460 0.607651114 0.874753475
0.611654997 -0.186991185 0.768708348 -1.029299021 0.041464671 0.977907062 0.204886466 -0.097413152 -0.790037274 -0.093445599 0.605895281 0.888466954
0.611498058 -0.188575417 0.768446088 -1.031753421 0.040669404 0.977391958 0.207487330 -0.101698644 -0.790199995 -0.095625862 0.605342507 0.889633775
0.607580364 -0.188246846 0.771627784 -1.035470724 0.039890610 0.977513611 0.207065046 -0.094420515 -0.793255925 -0.095027983 0.601427317 0.896084785
0.606809437 -0.191819221 0.771354437 -1.044685125 0.040147826 0.976601481 0.211276233 -0.087343976 -0.793832779 -0.097236209 0.600312114 0.905612171
0.610618293 -0.198777005 0.766572297 -1.043888688 0.041714102 0.974715292 0.219522163 -0.087353885 -0.790825665 -0.102067396 0.603470802 0.912679613
0.612055421 -0.204539225 0.763905704 -1.042397499 0.048300549 0.973838151 0.222050309 -0.095686361 -0.789338529 -0.099010043 0.605922282 0.926295996
0.617701650 -0.207982600 0.758411467 -1.049274683 0.058322310 0.973853588 0.219562635 -0.083920762 -0.784246862 -0.091391906 0.613680959 0.912232339
0.623996854 -0.212512046 0.751975119 -1.051251650 0.050883472 0.971318066 0.232275873 -0.081861734 -0.779768407 -0.106676310 0.616912782 0.918439507
0.636143565 -0.216633976 0.740534306 -1.047222853 0.063389294 0.971204400 0.229660124 -0.080751672 -0.768962383 -0.099154890 0.631557763 0.925056040
0.642951667 -0.216271520 0.734737873 -1.048504472 0.059707396 0.970538437 0.233431339 -0.081306033 -0.763575912 -0.106215775 0.636922300 0.923026204
0.646222711 -0.215865284 0.731982529 -1.046669960 0.056266315 0.970027328 0.236391783 -0.083149128 -0.761071861 -0.111575760 0.638999581 0.923232436
0.650606990 -0.216367602 0.727939308 -1.046398759 0.060171813 0.970226943 0.234604001 -0.079815671 -0.757027090 -0.108833574 0.644255638 0.929041088
0.661532044 -0.216720730 0.717918932 -1.048341036 0.063378483 0.970063388 0.234435901 -0.084140770 -0.747234046 -0.109586254 0.655463457 0.918665588
0.667786717 -0.212374181 0.713413119 -1.043660760 0.058807231 0.970490932 0.233856857 -0.087506816 -0.742026091 -0.114212640 0.660570085 0.912162304
0.672896802 -0.207662523 0.709990263 -1.040992856 0.055630036 0.971276045 0.231361434 -0.085622787 -0.737641692 -0.116185591 0.665120840 0.906202555
0.680414319 -0.206377357 0.703167617 -1.038758278 0.057803683 0.971651316 0.229243189 -0.089044727 -0.730544388 -0.115334690 0.673054874 0.898963332
0.686132133 -0.204780519 0.698059916 -1.031710505 0.060150184 0.972246885 0.226092696 -0.094063640 -0.724985957 -0.113141030 0.679407477 0.885125935
0.685857773 -0.201039404 0.699415684 -1.025251508 0.060307473 0.973480463 0.220677912 -0.095982604 -0.725232482 -0.109173678 0.679793358 0.868751287
0.686065316 -0.197413027 0.700244665 -1.022720933 0.060349427 0.974607587 0.215634048 -0.098262273 -0.725032687 -0.105679683 0.680558205 0.863885880
0.688884974 -0.195448935 0.698023796 -1.014981747 0.065501720 0.975808203 0.208585352 -0.106143795 -0.721905112 -0.097969562 0.685021877 0.847373009
0.690302014 -0.194013461 0.697023690 -1.009115696 0.071249411 0.976922572 0.201359779 -0.102274932 -0.720004737 -0.089336544 0.688194931 0.825963199
0.691626668 -0.191816315 0.696318209 -1.004990101 0.070446387 0.977407813 0.199276954 -0.101090468 -0.718811452 -0.088772148 0.689514041 0.812801480
0.694146454 -0.190889284 0.694061935 -0.997729182 0.071220741 0.977679253 0.197663710 -0.104950398 -0.716301858 -0.087775961 0.692247868 0.807067513
0.698329926 -0.189970940 0.690106153 -0.994200647 0.073883593 0.978118002 0.194490194 -0.106499195 -0.711952686 -0.084830813 0.697084785 0.792124152
0.703003764 -0.191873640 0.684814036 -0.988906741 0.077431738 0.977844059 0.194487393 -0.099717565 -0.706958354 -0.083699025 0.702285171 0.774701834
0.707928419 -0.193375468 0.679296255 -0.980634212 0.075404532 0.976984978 0.199535817 -0.108794279 -0.702247500 -0.090035081 0.706216812 0.765863717
0.717517734 -0.190913826 0.669865847 -0.968477368 0.077379055 0.977599204 0.195735246 -0.106620207 -0.692228913 -0.088609934 0.716217518 0.734409451
0.724125862 -0.191646069 0.662505448 -0.960478067 0.076015063 0.976941109 0.199519008 -0.108563915 -0.685465872 -0.094116479 0.721996307 0.719143569
0.729945183 -0.189665198 0.656663656 -0.949294567 0.075287998 0.977193832 0.198554561 -0.115098275 -0.679346561 -0.095495060 0.727577448 0.710439563
0.737476766 -0.183339968 0.650011182 -0.945766091 0.074226245 0.978620708 0.191812336 -0.108723149 -0.671281219 -0.093209244 0.735318661 0.698189974
0.750585079 -0.178197235 0.636292219 -0.941141367 0.069151089 0.978845835 0.192559078 -0.112142168 -0.657145500 -0.100531682 0.747029603 0.688570261
0.761029661 -0.168562084 0.626434863 -0.926099777 0.064158536 0.980474770 0.185884178 -0.119047463 -0.645536602 -0.101272225 0.756985068 0.666766047
0.769435883 -0.157873258 0.618905902 -0.920003176 0.061070308 0.982716739 0.174751952 -0.106561132 -0.635797858 -0.096663639 0.765778840 0.652280867
0.782849908 -0.145064786 0.605063736 -0.910177112 0.050747354 0.984088480 0.170277938 -0.101248682 -0.620137632 -0.102596685 0.777755260 0.649770379
0.800520062 -0.127279550 0.585634351 -0.884406507 0.036011733 0.985637724 0.164989322 -0.111662835 -0.598223090 -0.110987552 0.793606281 0.613420665
0.808336139 -0.123283952 0.575668037 -0.877460122 0.036023673 0.986353457 0.160652176 -0.102074392 -0.587618053 -0.109123282 0.801746309 0.606310546
