1341846434.710184 0.000000000 0.000000000 0.000000000 -0.000000000 -0.000000000 -0.000000000 1.000000000
1341846434.746225 0.005294838 0.000102476 0.002660044 0.003092706 0.001589750 0.003186808 0.999988914
1341846434.778203 0.020112129 -0.000008719 -0.004501826 0.004818927 0.001834219 0.003984183 0.999978781
1341846434.810024 0.024693836 0.003789718 -0.014117595 0.005368224 0.003511126 0.002747803 0.999975681
1341846434.846345 0.031660587 -0.001197071 -0.017808475 0.002973929 0.002395936 -0.000658033 0.999992490
1341846434.878202 0.038902082 -0.000274592 -0.017793063 0.002184340 -0.000316969 -0.007226039 0.999971449
1341846434.914148 0.031484917 -0.005134677 -0.036418524 0.001449386 -0.004431024 -0.016900502 0.999846339
1341846434.946443 0.032174256 -0.011406616 -0.054818317 -0.001111338 -0.017670045 -0.026937092 0.999480367
1341846434.978088 0.031134743 -0.014288954 -0.053171419 -0.001041499 -0.023684260 -0.029616479 0.999280155
1341846435.014019 0.043759242 -0.022483228 -0.054453339 -0.000411461 -0.030156316 -0.028400691 0.999141574
1341846435.045942 0.062700704 -0.025412749 -0.050722830 0.000934434 -0.034270462 -0.029658079 0.998972058
1341846435.077985 0.100151099 -0.028920785 -0.040220175 0.002834821 -0.037480086 -0.026963390 0.998929560
1341846435.113961 0.102250569 -0.033212487 -0.043391742 0.006323198 -0.035743773 -0.027371960 0.998966038
1341846435.146181 0.101849057 -0.032551575 -0.044666372 0.009557564 -0.035843752 -0.027175806 0.998942137
1341846435.182052 0.102854900 -0.033767957 -0.043488935 0.011668178 -0.039604750 -0.024483476 0.998847306
1341846435.213955 0.119758874 -0.041603055 -0.044759404 0.013147905 -0.047026459 -0.018517142 0.998635530
1341846435.246495 0.126148924 -0.045760613 -0.060209855 0.016098538 -0.052395649 -0.013848014 0.998400629
1341846435.281968 0.120288320 -0.035122175 -0.054733977 0.017988924 -0.060402501 -0.012620661 0.997932255
1341846435.319946 0.129799232 -0.034900799 -0.057682168 0.016701326 -0.068979837 -0.013201332 0.997390926
1341846435.382078 0.171111688 -0.053684603 -0.059525035 0.011612327 -0.081638522 -0.008786264 0.996555626
1341846435.414309 0.175322816 -0.063878447 -0.050749037 0.013704713 -0.084515572 -0.005504485 0.996312737
1341846435.450323 0.187262177 -0.052462079 -0.056720320 0.017432887 -0.089829706 -0.004869361 0.995792687
1341846435.482273 0.209281787 -0.051655483 -0.039663069 0.017942933 -0.092555828 -0.005630976 0.995529950
1341846435.513983 0.218438998 -0.041402664 -0.040061384 0.019472344 -0.090821572 -0.007862812 0.995645821
1341846435.550153 0.223100379 -0.042775411 -0.047890373 0.017291725 -0.089236081 -0.010176087 0.995808423
1341846435.582003 0.226367727 -0.056425855 -0.045886669 0.014581184 -0.091362521 -0.011393243 0.995645761
1341846435.618180 0.226589501 -0.068366528 -0.057832431 0.016935010 -0.096918881 -0.011755992 0.995078802
1341846435.650183 0.250700176 -0.061910972 -0.051675700 0.020714147 -0.105457440 -0.014050659 0.994108796
1341846435.681920 0.270982623 -0.062094115 -0.051842127 0.023228720 -0.107201964 -0.013973692 0.993867636
1341846435.717877 0.275952309 -0.058995247 -0.058866352 0.024833977 -0.107756913 -0.015673883 0.993743479
1341846435.750187 0.284818590 -0.063059926 -0.059907023 0.024345292 -0.110434882 -0.016554769 0.993447244
1341846435.782022 0.298538655 -0.061562106 -0.061336104 0.025559055 -0.114981905 -0.016221484 0.992906213
1341846435.818082 0.316772372 -0.063372955 -0.058439132 0.026060676 -0.118911996 -0.017591896 0.992406845
1341846435.849992 0.322341084 -0.067059569 -0.057662737 0.026732838 -0.121161833 -0.017560871 0.992117345
1341846435.886101 0.334078670 -0.064806573 -0.062182792 0.027533488 -0.125562400 -0.018624183 0.991528690
1341846435.918077 0.350033909 -0.061603867 -0.056895994 0.027578264 -0.129733339 -0.016554119 0.991027057
1341846435.950077 0.358727634 -0.071656555 -0.058417059 0.026421942 -0.133282274 -0.014147022 0.990624845
1341846435.986080 0.367284656 -0.081096895 -0.059812944 0.027462622 -0.137733743 -0.012653610 0.990007639
1341846436.018119 0.370984107 -0.074780926 -0.062318426 0.029199969 -0.142916292 -0.012023838 0.989230871
1341846436.050565 0.394344747 -0.065797970 -0.057558231 0.028680988 -0.148843482 -0.008717763 0.988406301
1341846436.085970 0.400288016 -0.069769561 -0.057295926 0.026453266 -0.152057588 -0.006120444 0.987998605
1341846436.118116 0.411844969 -0.076850086 -0.057917632 0.024672210 -0.157610431 -0.004137478 0.987184465
1341846436.153952 0.436602890 -0.074253835 -0.037538175 0.025291931 -0.161725491 -0.002301645 0.986508965
1341846436.185994 0.442966819 -0.078841195 -0.039164603 0.025900370 -0.162822023 -0.000777333 0.986315131
1341846436.218096 0.450669080 -0.078754693 -0.041351046 0.027319588 -0.166424334 0.001629067 0.985674381
1341846436.253965 0.470392585 -0.057467531 -0.032674238 0.028333617 -0.168644920 0.003551115 0.985263169
1341846436.286007 0.468722463 -0.068728283 -0.031971503 0.024149584 -0.167377263 0.002933240 0.985592782
1341846436.318164 0.471603513 -0.077209406 -0.026235759 0.024304150 -0.170139357 0.003954482 0.985112309
1341846436.354084 0.482869208 -0.066082969 -0.029458076 0.024986077 -0.172454521 0.002781171 0.984696686
1341846436.385958 0.489051521 -0.070573598 -0.016732223 0.023007156 -0.172867820 0.000874935 0.984675944
1341846436.422052 0.484875441 -0.079143167 -0.024238773 0.022865493 -0.174372375 0.000931974 0.984413862
1341846436.453972 0.493079662 -0.084724486 -0.021705825 0.023877427 -0.179453149 0.001244115 0.983475983
1341846436.485966 0.500624478 -0.075848795 -0.017905679 0.025353206 -0.181946978 0.001738005 0.982979953
1341846436.522075 0.496190041 -0.074932240 -0.017643450 0.023544062 -0.183894843 -0.000306956 0.982663870
1341846436.553975 0.495214522 -0.082756609 -0.015905738 0.021807035 -0.189136744 -0.000413280 0.981708527
1341846436.590103 0.499135524 -0.079015180 -0.004380379 0.021498611 -0.196056306 -0.000351178 0.980356872
1341846436.622042 0.512424529 -0.074148394 -0.001158688 0.019557660 -0.201674908 -0.003955108 0.979249299
1341846436.654125 0.519969046 -0.087549224 0.011287916 0.016841976 -0.205345482 -0.005825083 0.978527308
1341846436.690078 0.513718605 -0.083174258 0.023819117 0.018085908 -0.210378036 -0.006467508 0.977431417
1341846436.722015 0.520709276 -0.078232564 0.023763008 0.018103268 -0.217681751 -0.008592825 0.975814104
1341846436.754167 0.530165613 -0.089523405 0.032491803 0.016411100 -0.224651024 -0.009729088 0.974252582
1341846436.790021 0.532774329 -0.094100192 0.046949726 0.019641675 -0.232830763 -0.009920315 0.972268343
1341846436.822079 0.551423490 -0.080494434 0.037207134 0.022015173 -0.240441829 -0.012802847 0.970329404
1341846436.858129 0.581896663 -0.076345518 0.036343869 0.019040028 -0.246271566 -0.010535226 0.968956590
1341846436.889894 0.577719629 -0.086471140 0.061014466 0.015172227 -0.248319298 -0.008523159 0.968521893
1341846436.922139 0.587396443 -0.093336292 0.060808022 0.015651159 -0.253649265 -0.002320266 0.967166901
1341846436.958108 0.595823526 -0.080709971 0.059733033 0.016073724 -0.258129120 0.000247979 0.965976655
1341846436.990096 0.609279931 -0.089232564 0.058913630 0.013300723 -0.262600660 0.001771305 0.964811385
1341846437.058136 0.623848081 -0.088664763 0.064897284 0.011149074 -0.270622671 0.003964908 0.962612808
1341846437.096585 0.633073449 -0.087199651 0.070112906 0.009395556 -0.274987161 0.006229220 0.961381853
1341846437.126102 0.644014001 -0.078651279 0.071670309 0.007445866 -0.278942883 0.006398229 0.960257590
1341846437.158050 0.651875973 -0.073497511 0.078842059 0.002553264 -0.281860501 0.005948657 0.959433615
1341846437.226114 0.670207083 -0.057674292 0.074898832 -0.011682169 -0.288493931 0.005100853 0.957396865
1341846437.258123 0.676683486 -0.078080960 0.102987625 -0.024835637 -0.290889233 0.003922585 0.956426322
1341846437.290095 0.677992821 -0.076974131 0.105207197 -0.030574178 -0.294153214 0.006412733 0.955247700
1341846437.326061 0.680859566 -0.073322617 0.111667253 -0.037213914 -0.298688531 0.007178701 0.953597844
1341846437.364153 0.692187369 -0.080712140 0.124698684 -0.043508034 -0.304247022 0.005627745 0.951582491
1341846437.396140 0.697149336 -0.084734201 0.123606049 -0.047228511 -0.308164805 0.005053579 0.950146616
1341846437.431962 0.700051665 -0.089883491 0.118776567 -0.051722795 -0.313569397 0.006618793 0.948132455
1341846437.464061 0.711957693 -0.071950138 0.125799045 -0.055903748 -0.319387883 0.003052406 0.945968747
1341846437.500080 0.720376074 -0.083530053 0.140715748 -0.062100306 -0.322983176 0.002364403 0.944362164
1341846437.536428 0.721088290 -0.092504404 0.160083368 -0.063440181 -0.327581674 0.003785232 0.942683041
1341846437.568842 0.728771508 -0.092778057 0.168703020 -0.058630146 -0.332287610 0.005655210 0.941337109
1341846437.600736 0.741566896 -0.085984625 0.172633335 -0.053509936 -0.334776640 0.006005026 0.940757811
1341846437.632742 0.745709896 -0.083413258 0.174465433 -0.050165754 -0.334511042 0.004249146 0.941046119
1341846437.669713 0.746743619 -0.081354648 0.176621333 -0.047775216 -0.334249407 0.002736249 0.941269040
1341846437.700232 0.768660903 -0.072658330 0.197591424 -0.045461595 -0.334193766 0.000460963 0.941407263
1341846437.739652 0.799731493 -0.088279083 0.188502669 -0.044408504 -0.328034669 -0.004704786 0.943609536
1341846437.795294 0.797714472 -0.095486723 0.175870135 -0.040632013 -0.314643711 -0.019366967 0.948142052
1341846437.830422 0.781419039 -0.091869310 0.204184577 -0.038503893 -0.313712895 -0.016452545 0.948594213
1341846437.863213 0.787210166 -0.081881292 0.215107471 -0.035354335 -0.313584596 -0.013967863 0.948799074
1341846437.930096 0.802847385 -0.085925840 0.216120467 -0.035999887 -0.305698812 -0.009157932 0.951403379
1341846437.961942 0.804827690 -0.097665384 0.219425693 -0.038442329 -0.307376325 -0.005199997 0.950797021
1341846437.994103 0.816729426 -0.083805308 0.216488034 -0.037560008 -0.310020894 -0.002371003 0.949984550
1341846438.030032 0.817637622 -0.070121087 0.222165659 -0.042494062 -0.309310108 -0.002457356 0.950008154
1341846438.068074 0.815261304 -0.093715660 0.238853514 -0.049140561 -0.310090959 -0.002391130 0.949433088
1341846438.130017 0.816015303 -0.095051393 0.258836001 -0.041115526 -0.314829886 -0.001368174 0.948256195
1341846438.164374 0.818596721 -0.084049352 0.255983442 -0.038938805 -0.313454986 -0.004310302 0.948794663
1341846438.198015 0.816243231 -0.091100588 0.258331954 -0.042104837 -0.311327606 -0.006575150 0.949346721
1341846438.229906 0.811167240 -0.102006875 0.265361279 -0.041721467 -0.311350256 -0.006004511 0.949360013
1341846438.262251 0.809898913 -0.089460939 0.271168917 -0.038469970 -0.309965909 -0.007373576 0.949940503
1341846438.298333 0.813133001 -0.091725282 0.279631257 -0.039621774 -0.303115934 -0.009858107 0.952078640
1341846438.329987 0.794360757 -0.095352195 0.274184763 -0.037675101 -0.295215279 -0.011986347 0.954612494
1341846438.366126 0.790957630 -0.082771316 0.272848040 -0.036997691 -0.291679323 -0.010596863 0.955741704
1341846438.398154 0.798239529 -0.076112740 0.289532393 -0.040872771 -0.286999166 -0.011405862 0.956990480
1341846438.430136 0.776770711 -0.093334511 0.284229755 -0.043806821 -0.276192039 -0.012642537 0.960020363
1341846438.465965 0.764451265 -0.089281410 0.278204143 -0.041682664 -0.270823598 -0.009249968 0.961681664
1341846438.530106 0.749957323 -0.080354288 0.272589654 -0.044648126 -0.265266716 -0.004920262 0.963128209
1341846438.566686 0.740163863 -0.088731393 0.280005693 -0.046471842 -0.264320135 -0.001687503 0.963313222
1341846438.598145 0.731989682 -0.085637562 0.276896775 -0.044472206 -0.265156507 0.001833588 0.963177502
1341846438.634113 0.732079148 -0.070182256 0.282710433 -0.042693812 -0.263405055 0.002307325 0.963737369
1341846438.665920 0.733557224 -0.062007986 0.289997280 -0.046060041 -0.254805207 0.002280757 0.965892136
1341846438.697986 0.720628381 -0.084806509 0.290919811 -0.048024323 -0.245647311 0.001271707 0.968168080
1341846438.734146 0.713701844 -0.072842397 0.291742504 -0.042788107 -0.237643853 0.007367837 0.970381498
1341846438.766996 0.718083143 -0.050517276 0.285833448 -0.042650759 -0.229198784 0.010024330 0.972393155
1341846438.801972 0.692550302 -0.057806902 0.280060053 -0.048723985 -0.214713469 0.008233478 0.975426257
1341846438.834118 0.679765463 -0.063222304 0.285648108 -0.051579248 -0.207778931 0.008848815 0.976774931
1341846438.865936 0.673320591 -0.079463765 0.293776780 -0.051077619 -0.202941403 0.013269926 0.977767825
1341846438.902045 0.657626390 -0.062523484 0.282463551 -0.044641282 -0.196355522 0.013647822 0.979420960
1341846438.934115 0.645885587 -0.057659943 0.278197318 -0.044606760 -0.190743595 0.008215534 0.980591476
1341846438.966314 0.634374082 -0.063610055 0.282036424 -0.046195228 -0.185897499 0.003541732 0.981476247
1341846439.001871 0.629502535 -0.066446349 0.286250710 -0.045187987 -0.180763856 0.002640337 0.982484400
1341846439.034612 0.613785088 -0.069689654 0.283035457 -0.043729022 -0.172666013 0.001415549 0.984008312
1341846439.070117 0.608899832 -0.068810232 0.289307743 -0.040854678 -0.167099074 0.001730496 0.985091805
1341846439.101969 0.601261020 -0.073498689 0.283329934 -0.037324239 -0.157270625 0.001521378 0.986848831
1341846439.134146 0.584960938 -0.074036472 0.279089332 -0.032439258 -0.149271011 0.001518062 0.988262951
1341846439.170111 0.572685242 -0.070168227 0.283342093 -0.027255530 -0.141501576 0.004761328 0.989551365
1341846439.202174 0.555380285 -0.066038914 0.277261347 -0.023645740 -0.132816955 0.003593488 0.990851998
1341846439.234198 0.545434654 -0.066467538 0.277080864 -0.022372300 -0.125233248 0.003350833 0.991869450
1341846439.269869 0.531584263 -0.072464541 0.278691471 -0.019982729 -0.116019309 0.003646805 0.993039250
1341846439.302022 0.513075709 -0.075896434 0.271727651 -0.014917402 -0.107640624 0.003039454 0.994073391
1341846439.338209 0.496363312 -0.063293673 0.261011422 -0.010795853 -0.101296589 0.001376968 0.994796753
1341846439.369920 0.484166294 -0.067484036 0.262173742 -0.011529808 -0.095075190 -0.001741704 0.995401859
1341846439.402179 0.459806949 -0.087366961 0.260442525 -0.009676166 -0.088120379 -0.003604699 0.996056318
1341846439.437979 0.445555687 -0.075017482 0.252095878 -0.002805509 -0.085395381 -0.002792280 0.996339321
1341846439.470001 0.437216789 -0.069777556 0.251849264 -0.000529598 -0.081539385 -0.000989418 0.996669531
1341846439.502101 0.418503165 -0.076875903 0.246577561 0.000226457 -0.075794794 -0.003595564 0.997116923
1341846439.538102 0.398783147 -0.083565786 0.247326851 0.003191718 -0.072413333 -0.005135695 0.997356415
1341846439.570087 0.388178736 -0.078558631 0.242763713 0.007728387 -0.071149155 -0.004797911 0.997424245
1341846439.605986 0.380082130 -0.076936111 0.243257806 0.009688074 -0.068293080 -0.003842174 0.997610927
1341846439.638201 0.369682968 -0.076534517 0.240162849 0.011478254 -0.064251140 -0.003486672 0.997861683
1341846439.670177 0.355561912 -0.077951364 0.242489234 0.012859228 -0.060589898 -0.004020601 0.998071849
1341846439.706034 0.342233986 -0.075934507 0.239762083 0.014155880 -0.057088248 -0.004113848 0.998260319
1341846439.737939 0.334204942 -0.080391698 0.239407137 0.015414830 -0.053843297 -0.002771429 0.998426557
1341846439.774173 0.335193157 -0.078543812 0.238690823 0.017397726 -0.048659779 -0.000491177 0.998663783
1341846439.806288 0.314632267 -0.075351484 0.238205627 0.018899987 -0.040325459 -0.001166374 0.999007225
1341846439.846398 0.304011405 -0.067799769 0.236988574 0.018498519 -0.034532722 -0.001931642 0.999230564
1341846439.906194 0.280426383 -0.080215320 0.236454159 0.015497685 -0.016528666 -0.007523552 0.999715030
1341846439.938149 0.258806050 -0.075102113 0.239424974 0.017768180 -0.009190554 -0.006587844 0.999778211
1341846439.974174 0.252781063 -0.058699675 0.220958680 0.016566450 -0.002812782 -0.007080218 0.999833763
1341846440.006174 0.237341195 -0.064151213 0.227445304 0.009305933 0.008003687 -0.008443122 0.999889016
1341846440.042214 0.211551338 -0.077189252 0.236210391 0.005853620 0.016606944 -0.007335613 0.999818087
1341846440.073971 0.203751013 -0.073723763 0.237720355 0.008003544 0.021243680 -0.002497277 0.999739230
1341846440.106449 0.197141066 -0.064970121 0.238779888 0.007734437 0.029351704 -0.002051197 0.999537110
1341846440.142076 0.168831289 -0.078298643 0.245925844 0.006036135 0.038669828 -0.003411323 0.999228060
1341846440.173898 0.151606664 -0.078543060 0.244038165 0.010185814 0.043636627 0.001102560 0.998994946
1341846440.206048 0.139402822 -0.068203166 0.239630401 0.012605065 0.048673809 0.006525282 0.998713911
1341846440.242218 0.117387466 -0.078096688 0.245399803 0.012256254 0.051801726 0.007766015 0.998552024
1341846440.274220 0.114814863 -0.077675708 0.270247757 0.016929520 0.052078173 0.007459759 0.998471677
1341846440.310040 0.106291838 -0.067659244 0.243673488 0.021170756 0.057452556 0.007525282 0.998095393
1341846440.341908 0.088093042 -0.067152582 0.245584220 0.021199502 0.064020917 0.008415252 0.997687936
1341846440.374065 0.071304306 -0.074076079 0.249488235 0.022083318 0.068550199 0.009162101 0.997361183
1341846440.410065 0.064283520 -0.072413206 0.244837850 0.025002336 0.071940176 0.008013374 0.997063339
1341846440.442063 0.054366026 -0.071407542 0.248213097 0.027287129 0.077747375 0.005849353 0.996582448
1341846440.474055 0.030858086 -0.067000471 0.256197065 0.029160755 0.083520755 0.002028474 0.996077240
1341846440.510034 0.019941466 -0.065697275 0.253524423 0.029929321 0.086063825 -0.000325047 0.995839953
1341846440.542081 0.008377886 -0.058570389 0.249901846 0.028921653 0.090863392 -0.001909344 0.995441496
1341846440.578060 -0.008176556 -0.064396814 0.254455179 0.026172724 0.096750535 -0.005414279 0.994949758
1341846440.610154 -0.023216031 -0.069738381 0.255979657 0.026482249 0.102296226 -0.007176674 0.994375587
1341846440.642042 -0.046413489 -0.063968219 0.251342118 0.027609192 0.106802411 -0.006929365 0.993872762
1341846440.678071 -0.057291709 -0.059336882 0.252088398 0.026284590 0.108551025 -0.005308350 0.993729174
1341846440.710213 -0.067829743 -0.056952138 0.248505697 0.023997925 0.113476552 -0.005708762 0.993234396
1341846440.742033 -0.090502650 -0.053466812 0.248956174 0.020971520 0.120359845 -0.005730943 0.992492318
1341846440.778145 -0.109477468 -0.058088157 0.251402169 0.017701600 0.124130510 -0.003741152 0.992101014
1341846440.810360 -0.121146329 -0.059331786 0.253916889 0.015779285 0.127410442 -0.003809056 0.991717219
1341846440.846329 -0.129083902 -0.067394257 0.255023301 0.014827418 0.132380262 -0.002714080 0.991084397
1341846440.878141 -0.157603338 -0.069100678 0.258236557 0.016815137 0.137191758 -0.000079044 0.990401804
1341846440.920960 -0.176582202 -0.047721975 0.247960478 0.018266179 0.138710350 0.001327819 0.990163684
1341846440.952308 -0.185830027 -0.046312451 0.251928002 0.012736132 0.141551152 0.002905183 0.989844799
1341846440.986714 -0.203815579 -0.064103007 0.263502240 0.008797708 0.146218091 0.006567098 0.989191473
1341846441.052118 -0.240095094 -0.063789427 0.270580679 0.015326787 0.142310694 0.014447563 0.989597917
1341846441.114116 -0.262088001 -0.056852035 0.266623378 0.017828643 0.146767661 0.015800141 0.988884091
1341846441.146132 -0.282007784 -0.056083951 0.268477380 0.017801503 0.146115750 0.016325006 0.988972664
1341846441.178054 -0.271314979 -0.051213451 0.265105665 0.016909650 0.143797934 0.016900560 0.989318311
1341846441.214136 -0.273128361 -0.055658679 0.258361697 0.014386393 0.149495319 0.014387183 0.988553107
1341846441.246039 -0.297995597 -0.066827014 0.265539527 0.013992534 0.155913174 0.012118340 0.987597346
1341846441.282130 -0.306179047 -0.058484312 0.262842894 0.016460100 0.157630906 0.011243241 0.987296939
1341846441.314084 -0.310212165 -0.054617584 0.253499866 0.015328597 0.161700964 0.009343454 0.986676514
1341846441.346088 -0.330910742 -0.066134952 0.265280157 0.012926596 0.168520957 0.006887157 0.985589266
1341846441.382129 -0.348897368 -0.071157269 0.264070719 0.015247292 0.170998022 0.005418824 0.985138535
1341846441.414517 -0.366468936 -0.067472063 0.263049334 0.017664207 0.171736926 0.004677194 0.984973431
1341846441.445996 -0.369372219 -0.062820792 0.259150326 0.018503478 0.171642631 0.004097287 0.984977007
1341846441.482023 -0.387737483 -0.063971795 0.261672527 0.017156504 0.175156489 0.002199722 0.984388649
1341846441.514114 -0.408460855 -0.072815433 0.276868314 0.016354186 0.174986646 0.000904606 0.984434545
1341846441.582260 -0.419193298 -0.065348402 0.265775770 0.020367982 0.171487093 0.004482582 0.984965622
1341846441.614425 -0.430307508 -0.076441251 0.270012110 0.018429035 0.174816743 0.003489255 0.984422386
1341846441.650563 -0.450615555 -0.084889635 0.280469418 0.021120362 0.175700188 0.003190944 0.984211981
1341846441.681977 -0.451793253 -0.071854487 0.273133337 0.025021045 0.175349146 0.005594040 0.984172463
1341846441.714170 -0.460436195 -0.061634649 0.266399771 0.022627974 0.179662600 0.004674761 0.983456910
1341846441.750023 -0.483284771 -0.069343328 0.275069147 0.016974973 0.185428068 0.003055510 0.982506514
1341846441.781910 -0.494345695 -0.071044758 0.278687537 0.014020657 0.187697068 0.005470972 0.982111692
1341846441.818076 -0.501834273 -0.071011513 0.285500675 0.011234877 0.190657258 0.005485242 0.981577098
1341846441.850011 -0.512681782 -0.068976395 0.289937913 0.008040009 0.194350436 0.004071815 0.980890810
1341846441.882149 -0.527973950 -0.064185426 0.294941008 0.004465580 0.197494000 0.003917410 0.980286121
1341846441.918074 -0.537516832 -0.064604737 0.300261796 -0.000543334 0.198290527 0.003860752 0.980135560
1341846441.950113 -0.548857808 -0.067702100 0.309304625 -0.005986782 0.200528324 0.003594982 0.979663074
1341846441.986157 -0.566359282 -0.074738093 0.319403440 -0.010185267 0.202011079 0.005719609 0.979313612
1341846442.018070 -0.575448811 -0.078399964 0.332633287 -0.011399136 0.201539442 0.010190646 0.979361117
1341846442.050044 -0.582137406 -0.078749917 0.332534820 -0.013028783 0.203274682 0.013122074 0.978947103
1341846442.086050 -0.592649221 -0.076731689 0.339619249 -0.015980234 0.207117349 0.016350476 0.978048921
1341846442.118273 -0.608794928 -0.093974732 0.358866125 -0.019891825 0.210384458 0.017437870 0.977260768
1341846442.150914 -0.619349122 -0.105506837 0.363943100 -0.017538760 0.210396186 0.019495688 0.977264464
1341846442.186309 -0.625463247 -0.107702799 0.367324948 -0.014147231 0.212668598 0.020858215 0.976799309
1341846442.254276 -0.647538602 -0.106596306 0.373405308 -0.013320930 0.220889613 0.018273624 0.975036621
1341846442.286112 -0.655640543 -0.101799488 0.361413300 -0.016920153 0.227422670 0.015231679 0.973529994
1341846442.318240 -0.656617761 -0.094262898 0.364179045 -0.023423355 0.238240808 0.016559543 0.970782399
1341846442.359932 -0.675763190 -0.110261194 0.399990857 -0.031978633 0.249494404 0.015045339 0.967731178
1341846442.417971 -0.682594836 -0.112848714 0.409181446 -0.039118111 0.264145166 0.016266804 0.963552058
1341846442.455016 -0.705919564 -0.113157474 0.415746689 -0.041894823 0.272788078 0.019457033 0.960964620
1341846442.486191 -0.696031511 -0.116895802 0.409616232 -0.042793687 0.274708956 0.025453363 0.960237443
1341846442.522074 -0.698591828 -0.112719156 0.403236061 -0.044737149 0.282341719 0.029750463 0.957808256
1341846442.553917 -0.705768764 -0.111099273 0.391511321 -0.050718509 0.293641508 0.033032309 0.953997493
1341846442.585989 -0.696396410 -0.116751395 0.401933193 -0.058232252 0.302319467 0.038085960 0.950663686
1341846442.627895 -0.684682488 -0.123193949 0.419268668 -0.063052416 0.310533136 0.043727066 0.947460592
1341846442.686166 -0.682901859 -0.125579700 0.427259058 -0.060115729 0.328394800 0.042460699 0.941668808
1341846442.721990 -0.752717674 -0.126580879 0.482627630 -0.057556856 0.349158913 0.024792364 0.934965551
1341846442.754276 -0.756448627 -0.128030047 0.482817829 -0.054744042 0.352828801 0.028323809 0.933655620
1341846442.790054 -0.787673175 -0.112493679 0.503094137 -0.052075200 0.359935671 0.021185568 0.931281745
1341846442.822072 -0.815523148 -0.114555240 0.519606173 -0.056252792 0.367228121 0.013372958 0.928331971
1341846442.854093 -0.834582031 -0.123822019 0.552094519 -0.059455726 0.372689843 0.012745123 0.925961614
1341846442.889944 -0.840679526 -0.120724678 0.569986463 -0.056658082 0.373131573 0.014871961 0.925927401
1341846442.922114 -0.811980128 -0.114444643 0.541533589 -0.055324681 0.367548913 0.022904256 0.928074598
1341846442.954040 -0.817277491 -0.124551706 0.555763125 -0.056822516 0.373745769 0.024638232 0.925461173
1341846442.989997 -0.834192991 -0.124753401 0.578538358 -0.052138496 0.375758648 0.026761044 0.924862683
1341846443.022264 -0.846029878 -0.117861584 0.590970218 -0.049157590 0.370528877 0.032149609 0.926961839
1341846443.058071 -0.836436391 -0.126919165 0.586239576 -0.050506346 0.370439172 0.033445045 0.926879406
1341846443.090123 -0.848310649 -0.129267767 0.600225449 -0.048493639 0.375530720 0.035932962 0.924842656
1341846443.122143 -0.865183353 -0.125006855 0.626104176 -0.045559268 0.375256211 0.040740773 0.924903929
1341846443.158076 -0.863531768 -0.125535339 0.627475560 -0.043422900 0.372903556 0.044041414 0.925806582
1341846443.190201 -0.865914702 -0.124278635 0.630455911 -0.041374713 0.374494046 0.045927707 0.925166547
1341846443.226121 -0.881943703 -0.119301490 0.638582230 -0.040040653 0.375135303 0.048678324 0.924824715
1341846443.257975 -0.884268343 -0.123283476 0.646194041 -0.040548325 0.372804612 0.050233632 0.925661445
1341846443.289997 -0.883117199 -0.125608966 0.649873555 -0.039602146 0.373145103 0.051356897 0.925503552
1341846443.326118 -0.893366814 -0.123944655 0.661336362 -0.038081616 0.376007766 0.052587353 0.924338996
1341846443.358067 -0.898569047 -0.125015080 0.675628722 -0.036939211 0.376756817 0.052925203 0.924061000
1341846443.390137 -0.904133797 -0.121152319 0.675583422 -0.035658281 0.377709270 0.053032454 0.923716307
1341846443.426198 -0.906989574 -0.116190583 0.673072278 -0.037319165 0.381431341 0.052670106 0.922140658
1341846443.458405 -0.915881813 -0.122607000 0.689664662 -0.040109623 0.386396766 0.052200779 0.919980407
1341846443.494173 -0.920029521 -0.127154127 0.696718335 -0.039954238 0.389537483 0.051885098 0.918679595
1341846443.558139 -0.933701277 -0.107515216 0.698932528 -0.045476604 0.401308954 0.055788308 0.913110435
1341846443.594027 -0.934341073 -0.116524771 0.711396456 -0.050942183 0.406279266 0.056785259 0.910558939
1341846443.626290 -0.942382157 -0.111712150 0.704925120 -0.052820180 0.412276179 0.060134195 0.907536387
1341846443.658166 -0.949608326 -0.105066851 0.719705582 -0.059682354 0.421302199 0.061476313 0.902863860
1341846443.694065 -0.957150102 -0.115484565 0.745833278 -0.065416470 0.429457694 0.060706668 0.898666561
1341846443.726282 -0.968035161 -0.115794517 0.762395382 -0.065719955 0.434994131 0.063697442 0.895769954
1341846443.770837 -0.974331915 -0.111807033 0.779570341 -0.065446928 0.437828690 0.065305926 0.894291878
1341846443.800403 -0.986324787 -0.102066763 0.788100243 -0.066034533 0.438741386 0.066396482 0.893720925
1341846443.831984 -0.990988016 -0.094427928 0.798431754 -0.072207958 0.437823564 0.065330267 0.893772066
1341846443.868057 -0.996800482 -0.104672171 0.813966990 -0.078247003 0.438623607 0.064973645 0.892897069
1341846443.900439 -1.004709005 -0.110130027 0.829840422 -0.079599760 0.437470019 0.066661716 0.893218994
1341846443.932086 -1.006690860 -0.112776555 0.839709759 -0.079211853 0.434647202 0.068356588 0.894502580
1341846443.993912 -1.017598391 -0.103939027 0.854421854 -0.074963704 0.435954213 0.066021152 0.894408047
1341846444.029924 -1.028751969 -0.098659068 0.863965809 -0.077368923 0.436875105 0.065292485 0.893807113
1341846444.061948 -1.027917624 -0.099023581 0.874753475 -0.081140831 0.435420036 0.063930161 0.894280970
1341846444.093984 -1.029299021 -0.097413152 0.888466954 -0.083445594 0.435992211 0.063900724 0.893792152
1341846444.129916 -1.031753421 -0.101698644 0.889633775 -0.084799163 0.436047971 0.064133696 0.893620789
1341846444.162326 -1.035470724 -0.094420515 0.896084785 -0.084615953 0.438322335 0.063901074 0.892541587
1341846444.198431 -1.044685125 -0.087343976 0.905612171 -0.086452000 0.438600034 0.065002292 0.892149508
1341846444.229953 -1.043888688 -0.087353885 0.912679613 -0.090044662 0.436069429 0.067337200 0.892861247
1341846444.261919 -1.042397499 -0.095686361 0.926295996 -0.089854069 0.434701174 0.070761412 0.893282712
1341846444.298029 -1.049274683 -0.083920762 0.912232339 -0.086843409 0.430833757 0.074373655 0.895158708
1341846444.335959 -1.051251650 -0.081861734 0.918439507 -0.094559520 0.427319676 0.073481031 0.896134436
1341846444.398189 -1.047222853 -0.080751672 0.925056040 -0.091352925 0.419375449 0.077797376 0.899848044
1341846444.429979 -1.048504472 -0.081306033 0.923026204 -0.094195187 0.415531129 0.076537929 0.901444972
1341846444.466022 -1.046669960 -0.083149128 0.923232436 -0.096430980 0.413764745 0.075414844 0.902115524
1341846444.498181 -1.046398759 -0.079815671 0.929041088 -0.095032088 0.410902768 0.076520801 0.903477967
1341846444.530364 -1.048341036 -0.084140770 0.918665588 -0.094875187 0.404063106 0.077246375 0.906512439
1341846444.566040 -1.043660760 -0.087506816 0.912162304 -0.095819704 0.400666386 0.074653260 0.908136547
1341846444.598132 -1.040992856 -0.085622787 0.906202555 -0.095524751 0.397887677 0.072367057 0.909573257
1341846444.630024 -1.038758278 -0.089044727 0.898963332 -0.094483003 0.393122792 0.072438248 0.911745667
1341846444.666108 -1.031710505 -0.094063640 0.885125935 -0.092840984 0.389457107 0.072505839 0.913480520
1341846444.697995 -1.025251508 -0.095982604 0.868751287 -0.090255111 0.389817059 0.071510620 0.913664579
1341846444.734205 -1.022720933 -0.098262273 0.863885880 -0.087891333 0.389866680 0.070507675 0.913951755
1341846444.766262 -1.014981747 -0.106143795 0.847373009 -0.083747983 0.387911499 0.071289316 0.915111363
1341846444.798037 -1.009115696 -0.102274932 0.825963199 -0.079348020 0.386789888 0.072405748 0.915890276
1341846444.833972 -1.004990101 -0.101090468 0.812801480 -0.078588814 0.386091650 0.071553476 0.916317165
1341846444.866116 -0.997729182 -0.104950398 0.807067513 -0.077812895 0.384475261 0.071453065 0.917070568
1341846444.898025 -0.994200647 -0.106499195 0.792124152 -0.076038077 0.381675035 0.071827717 0.918359041
1341846444.934155 -0.988906741 -0.099717565 0.774701834 -0.075621687 0.378336877 0.073207483 0.919664800
1341846444.972057 -0.980634212 -0.108794279 0.765863717 -0.078623548 0.375113219 0.072978459 0.920751154
1341846445.034071 -0.968477368 -0.106620207 0.734409451 -0.076975711 0.368735671 0.072630152 0.923489988
1341846445.065987 -0.960478067 -0.108563915 0.719143569 -0.079354413 0.364286602 0.072334893 0.925076127
1341846445.102399 -0.949294567 -0.115098275 0.710439563 -0.079331405 0.360441118 0.071481504 0.926649451
1341846445.134054 -0.945766091 -0.108723149 0.698189974 -0.076709487 0.355606973 0.069320269 0.928899407
1341846445.170198 -0.941141367 -0.112142168 0.688570261 -0.078596547 0.346854120 0.066330045 0.932263494
1341846445.202068 -0.926099777 -0.119047463 0.666766047 -0.076762341 0.340022057 0.062210631 0.935212493
1341846445.234202 -0.920003176 -0.106561132 0.652280867 -0.072353758 0.334477961 0.058365807 0.937807500
1341846445.270262 -0.910177112 -0.101248682 0.649770379 -0.072467588 0.325377971 0.052002028 0.941367805
1341846445.334212 -0.884406507 -0.111662835 0.613420665 -0.072931550 0.312854350 0.043152481 0.946013272
1341846445.370095 -0.877460122 -0.102074392 0.606310546 -0.071127288 0.306704670 0.042002041 0.948213577
