1341846434.710184 0.000000000 0.000000000 0.000000000 -0.000000000 -0.000000000 -0.000000000 1.000000000
1341846434.746225 0.005294838 0.000102476 0.002660044 0.003092706 0.001589750 0.003186808 0.999988914
1341846434.778203 0.020112129 -0.000008719 -0.004501826 0.004818927 0.001834219 0.003984183 0.999978781
1341846434.810024 0.024693836 0.003789718 -0.014117595 0.005368224 0.003511126 0.002747803 0.999975681
1341846434.846345 0.031660587 -0.001197071 -0.017808475 0.002973929 0.002395936 -0.000658033 0.999992490
1341846434.878202 0.038902082 -0.000274592 -0.017793063 0.002184340 -0.000316969 -0.007226039 0.999971449
1341846434.914148 0.022084894 0.007721957 -0.024566399 0.002859188 -0.002637946 -0.014763303 0.999883473
1341846434.946443 0.056663543 -0.001426337 -0.038227540 -0.000083578 -0.020951411 -0.023899034 0.999494791
1341846434.978088 0.054475799 -0.004021599 -0.028943144 0.000347293 -0.026267542 -0.026494058 0.999303758
1341846435.014019 0.067158364 -0.012132879 -0.030178966 0.000994398 -0.032738693 -0.025285078 0.999143600
1341846435.045942 0.086098194 -0.014952173 -0.026356369 0.002356350 -0.036846548 -0.026544554 0.998965561
1341846435.077985 0.094956830 -0.021854781 -0.020536125 0.003800280 -0.035843823 -0.026191549 0.999006927
1341846435.113961 0.125096530 -0.028622009 -0.030799311 0.007036422 -0.038425680 -0.025031423 0.998923123
1341846435.146181 0.120669559 -0.026841171 -0.032127317 0.010350917 -0.038347181 -0.025937943 0.998874187
1341846435.182052 0.120141976 -0.027293865 -0.029408026 0.012393547 -0.042146295 -0.023945866 0.998747587
1341846435.213955 0.131998777 -0.033928104 -0.028325832 0.014116379 -0.048574544 -0.018453201 0.998549342
1341846435.246495 0.138857320 -0.038110152 -0.032677770 0.017040223 -0.054273300 -0.013720844 0.998286426
1341846435.281968 0.136354074 -0.024739603 -0.022717368 0.019213907 -0.062881701 -0.013306592 0.997747302
1341846435.319946 0.148199931 -0.024301067 -0.027545104 0.018084845 -0.071545310 -0.013382759 0.997183621
1341846435.382078 0.172249973 -0.043207631 -0.022266220 0.012739837 -0.081809983 -0.009203701 0.996524036
1341846435.414309 0.186263517 -0.051669579 -0.023097176 0.015148991 -0.086213104 -0.005398448 0.996146917
1341846435.450323 0.199060321 -0.047889490 -0.038796525 0.017947897 -0.091850974 -0.005081121 0.995598018
1341846435.482273 0.218846202 -0.047829717 -0.024700372 0.018292129 -0.093882032 -0.006818178 0.995391905
1341846435.513983 0.229771093 -0.038649775 -0.024421234 0.019641155 -0.092152186 -0.007461401 0.995523274
1341846435.550153 0.234454587 -0.040016968 -0.032237969 0.017463060 -0.090567484 -0.009777348 0.995689213
1341846435.582003 0.231205449 -0.049588650 -0.023957761 0.015478985 -0.092040606 -0.012092968 0.995561481
1341846435.618180 0.238243997 -0.061086256 -0.031340882 0.017614186 -0.098478012 -0.012027689 0.994910657
1341846435.650183 0.267871052 -0.055363059 -0.025971925 0.021335494 -0.107790813 -0.013218368 0.993856788
1341846435.681920 0.282699704 -0.052141532 -0.019146131 0.024084438 -0.109179325 -0.014241717 0.993628204
1341846435.717877 0.287243277 -0.045141533 -0.023288159 0.026047904 -0.109602816 -0.015396091 0.993514836
1341846435.750187 0.296116322 -0.049197502 -0.024304759 0.025561498 -0.112279393 -0.016281093 0.993214428
1341846435.782022 0.309104770 -0.050557822 -0.021132210 0.026725272 -0.116698980 -0.016461812 0.992671251
1341846435.818082 0.328623772 -0.054563366 -0.029920343 0.026649306 -0.120294683 -0.018585522 0.992206454
1341846435.849992 0.339153707 -0.057978641 -0.030321332 0.027529685 -0.123046845 -0.018177472 0.991852403
1341846435.886101 0.348071545 -0.055550013 -0.032039206 0.028444139 -0.127222523 -0.018656902 0.991290689
1341846435.918077 0.361974299 -0.052816685 -0.024478927 0.028474944 -0.131298721 -0.017235555 0.990783930
1341846435.950077 0.374316096 -0.065735564 -0.027313614 0.026950933 -0.135102078 -0.014357922 0.990361035
1341846435.986080 0.382733196 -0.069638155 -0.023633815 0.028445682 -0.139567941 -0.013249897 0.989715159
1341846436.018119 0.388919413 -0.064180784 -0.027598208 0.030016812 -0.144987121 -0.011985394 0.988905549
1341846436.050565 0.406269610 -0.056283649 -0.029123351 0.029618574 -0.150368974 -0.009698775 0.988138616
1341846436.085970 0.415076911 -0.061481867 -0.025480742 0.027233081 -0.153716698 -0.006816618 0.987716079
1341846436.118116 0.426627159 -0.068575554 -0.026076281 0.025444591 -0.159268782 -0.004840978 0.986895442
1341846436.153952 0.446177572 -0.067593373 -0.013295475 0.025905436 -0.162908778 -0.003355990 0.986295283
1341846436.185994 0.450011909 -0.070446618 -0.011144547 0.026717640 -0.163697481 -0.001436344 0.986147702
1341846436.218096 0.458736241 -0.071967199 -0.013227758 0.028034298 -0.167504042 0.001270546 0.985471904
1341846436.253965 0.474191308 -0.053350259 -0.009744640 0.028955935 -0.169350564 0.002866094 0.985126257
1341846436.286007 0.476064414 -0.067084752 -0.010850529 0.024574578 -0.168145612 0.002679426 0.985452175
1341846436.318164 0.478933305 -0.075572357 -0.005118242 0.024727585 -0.170907855 0.003699593 0.984969735
1341846436.354084 0.490208328 -0.064447373 -0.008312773 0.025409769 -0.173222288 0.002525810 0.984551728
1341846436.385958 0.496369213 -0.068952315 0.004418453 0.023432234 -0.173634276 0.000617856 0.984531224
1341846436.422052 0.492201269 -0.077513225 -0.003102541 0.023290107 -0.175138637 0.000674134 0.984268069
1341846436.453972 0.497580081 -0.078748174 0.001913185 0.024623167 -0.179987922 0.000834898 0.983360231
1341846436.485966 0.505125821 -0.069882907 0.005735792 0.026097577 -0.182482272 0.001327699 0.982861817
1341846436.522075 0.500691593 -0.068964280 0.005994794 0.024288731 -0.184427842 -0.000719721 0.982545674
1341846436.553975 0.499527335 -0.076511934 0.014245986 0.022477610 -0.189770490 -0.001107265 0.981570542
1341846436.590103 0.504993498 -0.070740730 0.021849636 0.022231357 -0.196895257 -0.000472289 0.980172336
1341846436.622042 0.518276930 -0.065878592 0.025101276 0.020292705 -0.202510223 -0.004082077 0.979061365
1341846436.654125 0.525800228 -0.079297878 0.037540786 0.017578112 -0.206178799 -0.005957119 0.978338361
1341846436.690078 0.521261513 -0.077409454 0.048345953 0.018694054 -0.211333111 -0.006634613 0.977212787
1341846436.722015 0.528492570 -0.070533484 0.051803850 0.018807570 -0.218986675 -0.008114751 0.975512862
1341846436.754167 0.537938595 -0.081823193 0.060545199 0.017120177 -0.225954160 -0.009258253 0.973943532
1341846436.790021 0.539918959 -0.088190891 0.065719150 0.020149538 -0.233663723 -0.010790099 0.972048759
1341846436.822079 0.562059522 -0.071143061 0.068389520 0.022794293 -0.242101535 -0.011519942 0.969914734
1341846436.858129 0.583121002 -0.065633580 0.068826146 0.019816754 -0.246819243 -0.011145674 0.968794823
1341846436.889894 0.581440806 -0.084916979 0.068447322 0.015278107 -0.248566285 -0.009004072 0.968452573
1341846436.922139 0.591111600 -0.091790631 0.068242677 0.015752818 -0.253897488 -0.002801638 0.967098832
1341846436.958108 0.603599548 -0.080827393 0.068779930 0.016154448 -0.258989811 0.000443714 0.965744853
1341846436.990096 0.615123510 -0.087843858 0.065594740 0.013506144 -0.263258785 0.001842901 0.964628994
1341846437.058136 0.631365299 -0.085777476 0.073058203 0.011383173 -0.271483481 0.005013452 0.962362707
1341846437.096585 0.640317082 -0.082721680 0.086103782 0.009714068 -0.276063383 0.007265264 0.961062908
1341846437.126102 0.651235700 -0.074149884 0.087686472 0.007768408 -0.280019969 0.007430736 0.959933996
1341846437.158050 0.655412972 -0.068149917 0.093487486 0.003079761 -0.282613844 0.006561468 0.959206402
1341846437.226114 0.665304542 -0.089623727 0.063431025 -0.013076425 -0.287459612 0.005928940 0.957685173
1341846437.258123 0.682130456 -0.074091502 0.095947117 -0.024118721 -0.291049749 0.004580117 0.956392944
1341846437.290095 0.678553760 -0.079716966 0.093157992 -0.030272422 -0.293484777 0.006656916 0.955461144
1341846437.326061 0.681427360 -0.076066561 0.099615701 -0.036910612 -0.298023462 0.007426117 0.953815758
1341846437.364153 0.692778111 -0.083454967 0.112627663 -0.043204598 -0.303584903 0.005877815 0.951806188
1341846437.396140 0.697740972 -0.087473564 0.111526303 -0.046924621 -0.307504743 0.005305005 0.950374007
1341846437.431962 0.700420618 -0.097551994 0.109824046 -0.052512608 -0.312952012 0.007017798 0.948290169
1341846437.464061 0.711718023 -0.074476667 0.116962507 -0.055919137 -0.318875581 0.001979873 0.946143508
1341846437.500080 0.717971563 -0.083500072 0.122808561 -0.061632995 -0.322098762 0.002209184 0.944695175
1341846437.536428 0.723389387 -0.094769076 0.133943558 -0.062862836 -0.326537818 0.003140405 0.943086147
1341846437.568842 0.730973244 -0.101596326 0.155858383 -0.059141912 -0.331849366 0.005729564 0.941459179
1341846437.600736 0.743774056 -0.094802201 0.159770235 -0.054021571 -0.334339112 0.006078376 0.940883696
1341846437.632742 0.747571290 -0.092018500 0.157275811 -0.050647192 -0.333588123 0.004228051 0.941347957
1341846437.669713 0.742455363 -0.081894435 0.171347246 -0.047802445 -0.333549619 0.002663704 0.941516101
1341846437.700232 0.782023311 -0.088572010 0.181597099 -0.046158567 -0.333649546 -0.000852535 0.941566110
1341846437.739652 0.797417223 -0.089155152 0.190627396 -0.044811856 -0.327846825 -0.003989924 0.943659127
1341846437.795294 0.797055721 -0.104847811 0.168500930 -0.041805752 -0.313954711 -0.018746786 0.948331892
1341846437.830422 0.782887816 -0.099719912 0.183505356 -0.038434666 -0.312369466 -0.017803846 0.949015856
1341846437.863213 0.788553357 -0.086485669 0.202765793 -0.035644233 -0.312717527 -0.014030769 0.949073493
1341846437.930096 0.805138588 -0.090538159 0.209135056 -0.036236092 -0.304915011 -0.009587101 0.951641679
1341846437.961942 0.804863751 -0.098338492 0.215083629 -0.038349852 -0.306591988 -0.005594325 0.951051712
1341846437.994103 0.812891841 -0.084265210 0.214470312 -0.037460230 -0.309231013 -0.003218019 0.950243413
1341846438.030032 0.810256600 -0.068903446 0.224915266 -0.042112503 -0.308421075 -0.003529688 0.950310767
1341846438.068074 0.807865858 -0.092517212 0.241573870 -0.048760079 -0.309196234 -0.003457550 0.949741185
1341846438.130017 0.810531437 -0.093380444 0.259565562 -0.040637765 -0.314041436 -0.002509663 0.948535860
1341846438.164374 0.813129544 -0.082378715 0.256726980 -0.038461596 -0.312665790 -0.005452887 0.949068546
1341846438.198015 0.808887422 -0.089931652 0.261054158 -0.041729312 -0.310436636 -0.007648633 0.949646950
1341846438.229906 0.803803325 -0.100838363 0.268077046 -0.041345444 -0.310459971 -0.007078366 0.949660480
1341846438.262251 0.804445148 -0.087798595 0.271917254 -0.037990868 -0.309173733 -0.008514754 0.950208306
1341846438.298333 0.807688177 -0.090083122 0.280370802 -0.039136261 -0.302318960 -0.010994784 0.952339590
1341846438.329987 0.788900435 -0.093664870 0.274947852 -0.037181560 -0.294416398 -0.013120480 0.954863548
1341846438.366126 0.785519540 -0.081075259 0.273637325 -0.036498714 -0.290881366 -0.011729703 0.955990791
1341846438.398154 0.792840481 -0.074458309 0.290321201 -0.040368896 -0.286195874 -0.012532990 0.957238376
1341846438.430136 0.771330237 -0.091629893 0.285023987 -0.043290988 -0.275382459 -0.013761357 0.960260928
1341846438.465965 0.759009063 -0.087543115 0.279024512 -0.041157611 -0.270017534 -0.010367638 0.961919487
1341846438.530106 0.744523585 -0.078578830 0.273447573 -0.044113114 -0.264460266 -0.006032411 0.963368297
1341846438.566686 0.734725654 -0.086949281 0.280865282 -0.045933209 -0.263514459 -0.002797615 0.963557184
1341846438.598145 0.726552606 -0.083834574 0.277774364 -0.043931715 -0.264355749 0.000721335 0.963423848
1341846438.634113 0.724150777 -0.068918191 0.286023229 -0.042517610 -0.262590289 0.001437161 0.963969171
1341846438.665920 0.725654185 -0.060752325 0.293314278 -0.045875862 -0.253985882 0.001415035 0.966118336
1341846438.697986 0.720511675 -0.085183844 0.289706677 -0.048030302 -0.245562285 0.000976145 0.968189716
1341846438.734146 0.713592291 -0.073215812 0.290532053 -0.042791151 -0.237560585 0.007071787 0.970403969
1341846438.766996 0.719915092 -0.048966799 0.288108438 -0.042492330 -0.229488030 0.010075192 0.972331285
1341846438.801972 0.694387138 -0.056259826 0.282317996 -0.048566032 -0.215003937 0.008284934 0.975369692
1341846438.834118 0.681600094 -0.061679330 0.287897170 -0.051421966 -0.208070204 0.008900560 0.976720691
1341846438.865936 0.675153613 -0.077924386 0.296017349 -0.050921962 -0.203233510 0.013322605 0.977714479
1341846438.902045 0.659462690 -0.060983974 0.284700006 -0.044486154 -0.196647584 0.013703480 0.979368687
1341846438.934115 0.647723377 -0.056121547 0.280428231 -0.044450428 -0.191035196 0.008272120 0.980541348
1341846438.966314 0.636210799 -0.062075019 0.284258902 -0.046037883 -0.186188862 0.003598633 0.981428206
1341846439.001871 0.631337404 -0.064913481 0.288469464 -0.045030747 -0.181055278 0.002698366 0.982437789
1341846439.034612 0.615622520 -0.068158969 0.285244197 -0.043572005 -0.172957554 0.001475307 0.983963966
1341846439.070117 0.610733509 -0.067282289 0.291513830 -0.040698145 -0.167390689 0.001791996 0.985048652
1341846439.101969 0.601949751 -0.071523346 0.290505975 -0.037220120 -0.157949835 0.002340274 0.986742675
1341846439.134146 0.585656166 -0.072089091 0.286244065 -0.032341972 -0.149947003 0.002341135 0.988162160
1341846439.170111 0.574522555 -0.068645746 0.285526663 -0.027101772 -0.141793564 0.004830886 0.989513397
1341846439.202174 0.557220340 -0.064518109 0.279437065 -0.023492318 -0.133108824 0.003665466 0.990816176
1341846439.234198 0.547274947 -0.064948641 0.279250622 -0.022219406 -0.125525266 0.003424365 0.991835654
1341846439.269869 0.533424735 -0.070948839 0.280851483 -0.019830670 -0.116311461 0.003722464 0.993007839
1341846439.302022 0.514920950 -0.074382387 0.273875803 -0.014765844 -0.107932493 0.003117888 0.994043708
1341846439.338209 0.498212337 -0.061779883 0.263153434 -0.010644335 -0.101588041 0.001457581 0.994768560
1341846439.369920 0.486015439 -0.065972984 0.264307499 -0.011377908 -0.095366441 -0.001660358 0.995375812
1341846439.402179 0.461661100 -0.085860223 0.262556344 -0.009524312 -0.088411361 -0.003521755 0.996032298
1341846439.437979 0.447412282 -0.073511168 0.254204899 -0.002654125 -0.085685857 -0.002706915 0.996315002
1341846439.470001 0.439072400 -0.068272822 0.253954947 -0.000379074 -0.081830017 -0.000902806 0.996645808
1341846439.502101 0.420597047 -0.073975295 0.251792490 0.000482283 -0.075948894 -0.003442756 0.997105658
1341846439.538102 0.400879145 -0.080672309 0.252532393 0.003447261 -0.072566576 -0.004981561 0.997345209
1341846439.570087 0.390274405 -0.075666577 0.247968405 0.007983678 -0.071301721 -0.004642751 0.997412086
1341846439.605986 0.382177114 -0.074047081 0.248460740 0.009942768 -0.068445556 -0.003685986 0.997598469
1341846439.638201 0.371778756 -0.073647551 0.245362729 0.011732260 -0.064403437 -0.003329180 0.997849405
1341846439.670177 0.357657492 -0.075070374 0.247684076 0.013112741 -0.060741868 -0.003861968 0.998059928
1341846439.706034 0.344329655 -0.073056765 0.244953752 0.014408852 -0.057240006 -0.003954130 0.998248637
1341846439.737939 0.336302280 -0.077516541 0.244594127 0.015667077 -0.053995200 -0.002610699 0.998414874
1341846439.774173 0.337290108 -0.075667977 0.243879050 0.017648783 -0.048811931 -0.000328841 0.998652041
1341846439.806288 0.316728264 -0.072482459 0.243388996 0.019149801 -0.040477235 -0.001001721 0.998996437
1341846439.846398 0.306105167 -0.064933799 0.242172286 0.018747514 -0.034684416 -0.001765602 0.999220908
1341846439.906194 0.282524586 -0.077357188 0.241624489 0.015744576 -0.016679596 -0.007353524 0.999709904
1341846439.938149 0.260901570 -0.072252847 0.244591072 0.018013682 -0.009341328 -0.006415666 0.999773502
1341846439.974174 0.255836576 -0.053314578 0.238859192 0.017024629 -0.002874644 -0.007331616 0.999824047
1341846440.006174 0.240393147 -0.058764301 0.245338917 0.009766939 0.007944267 -0.008690016 0.999882996
1341846440.042214 0.212156892 -0.072043635 0.255131394 0.006349827 0.016441245 -0.007162680 0.999819040
1341846440.073971 0.204354912 -0.068582214 0.256642133 0.008498130 0.021075938 -0.002321685 0.999739110
1341846440.106449 0.197741732 -0.059831791 0.257708132 0.008227521 0.029183729 -0.001871648 0.999538481
1341846440.142076 0.169433907 -0.073176697 0.264831185 0.006527769 0.038502298 -0.003227474 0.999231994
1341846440.173898 0.152210012 -0.073424861 0.262937367 0.010675749 0.043467566 0.001289549 0.998996973
1341846440.206048 0.140004262 -0.063084573 0.258535743 0.013093111 0.048502497 0.006715143 0.998714685
1341846440.242218 0.117990166 -0.072991043 0.264287800 0.012743496 0.051629767 0.007957347 0.998553276
1341846440.274220 0.117244907 -0.075776719 0.272645742 0.017047537 0.051900465 0.007754744 0.998476624
1341846440.310040 0.106891729 -0.062555507 0.262568086 0.021656886 0.057282250 0.007720870 0.998093247
1341846440.341908 0.088692136 -0.062056713 0.264473140 0.021684201 0.063850246 0.008614049 0.997686684
1341846440.374065 0.071904324 -0.068989582 0.268364519 0.022566987 0.068379357 0.009363249 0.997360170
1341846440.410065 0.064884566 -0.067324385 0.263713419 0.025485499 0.071770422 0.008216660 0.997061670
1341846440.442063 0.054965623 -0.066325322 0.267086297 0.027769469 0.077579156 0.006055838 0.996581018
1341846440.474055 0.032511178 -0.063974254 0.260928541 0.029417858 0.083352998 0.002878270 0.996081650
1341846440.510034 0.021593457 -0.062687211 0.258252561 0.030184709 0.085897513 0.000525535 0.995846510
1341846440.542081 0.007395261 -0.055618919 0.250668436 0.029355584 0.090978116 -0.002193283 0.995417774
1341846440.578060 -0.009161764 -0.061438490 0.255221069 0.026607903 0.096867509 -0.005695324 0.994925261
1341846440.610154 -0.024204263 -0.066771708 0.256744951 0.026918739 0.102413729 -0.007455317 0.994349658
1341846440.642042 -0.047399186 -0.060982987 0.252117842 0.028046945 0.106919415 -0.007206152 0.993845940
1341846440.678071 -0.058274262 -0.056345329 0.252870560 0.026723044 0.108667769 -0.005584216 0.993703187
1341846440.710213 -0.068811662 -0.053950947 0.249292448 0.024437699 0.113594122 -0.005982182 0.993208647
1341846440.742033 -0.090713672 -0.051280975 0.248050496 0.021333329 0.120397277 -0.005879534 0.992479146
1341846440.778145 -0.109690055 -0.055896766 0.250494838 0.018064076 0.124167874 -0.003888251 0.992089212
1341846440.810360 -0.122561075 -0.056381073 0.254327267 0.016339310 0.127503291 -0.004328812 0.991694152
1341846440.846329 -0.130507872 -0.064435326 0.255427361 0.015390150 0.132473052 -0.003230934 0.991061866
1341846440.878141 -0.159028605 -0.066111498 0.258644730 0.017380616 0.137281999 -0.000593344 0.990379333
1341846440.920960 -0.176770747 -0.045915410 0.252094626 0.018637193 0.138677791 0.001563540 0.990160942
1341846440.952308 -0.186019361 -0.044512421 0.256062597 0.013106449 0.141516969 0.003141786 0.989844084
1341846440.986714 -0.203233495 -0.062181734 0.265381247 0.009003970 0.145999506 0.007024279 0.989218771
1341846441.052118 -0.240405113 -0.064612821 0.269720793 0.015030772 0.142596781 0.015744310 0.989541531
1341846441.114116 -0.262418509 -0.057734866 0.265773624 0.017527135 0.147056997 0.017094769 0.988824964
1341846441.146132 -0.287822485 -0.057559334 0.267446667 0.017438928 0.147334456 0.016482912 0.988795638
1341846441.178054 -0.277140260 -0.052686218 0.264045388 0.016548200 0.145017058 0.017060453 0.989143670
1341846441.214136 -0.278967977 -0.057137046 0.257309049 0.014020811 0.150712043 0.014547976 0.988371193
1341846441.246039 -0.303812414 -0.068311915 0.264555484 0.013623016 0.157127813 0.012277131 0.987408042
1341846441.282130 -0.312006325 -0.059974942 0.261873007 0.016089214 0.158845469 0.011398342 0.987106562
1341846441.314084 -0.316064090 -0.056116678 0.252537191 0.014954657 0.162913814 0.009498361 0.986481249
1341846441.346088 -0.336157590 -0.067524604 0.264279664 0.012734951 0.169589996 0.006787547 0.985409021
1341846441.382129 -0.354147315 -0.072545603 0.263111293 0.015054273 0.172066152 0.005316201 0.984956026
1341846441.414517 -0.371720701 -0.068859033 0.262126446 0.017470455 0.172804594 0.004571804 0.984790564
1341846441.445996 -0.372947812 -0.064836629 0.258483738 0.018254869 0.172351480 0.003307546 0.984860837
1341846441.482023 -0.391311020 -0.065959208 0.261033714 0.016909270 0.175865114 0.001410054 0.984268069
1341846441.514114 -0.412622660 -0.074499629 0.274339825 0.016104400 0.175900072 0.001290431 0.984275460
1341846441.582260 -0.423382074 -0.067045934 0.263264418 0.020122929 0.172403410 0.004865561 0.984808862
1341846441.614425 -0.438274026 -0.076043263 0.273134023 0.018384226 0.175923303 0.003390360 0.984226406
1341846441.650563 -0.458559573 -0.084487580 0.283638060 0.021075290 0.176806331 0.003088981 0.984015167
1341846441.681977 -0.459751964 -0.071453176 0.276303083 0.024978653 0.176455140 0.005487710 0.983976424
1341846441.714170 -0.462706178 -0.058216821 0.270159602 0.023037564 0.180135489 0.004441628 0.983362019
1341846441.750023 -0.485550672 -0.065918446 0.278845787 0.017385108 0.185902715 0.002827502 0.982410312
1341846441.781910 -0.496609092 -0.067616031 0.282473832 0.014432495 0.188171521 0.005245342 0.982016146
1341846441.818076 -0.504436553 -0.068469986 0.285346389 0.011470786 0.191101819 0.005233448 0.981489241
1341846441.850011 -0.515278816 -0.066430271 0.289794296 0.008276207 0.194795847 0.003822352 0.980801463
1341846441.882149 -0.534710705 -0.066261746 0.291360825 0.004223025 0.198472112 0.003904007 0.980089664
1341846441.918074 -0.544242978 -0.066679224 0.296700835 -0.000785939 0.199268281 0.003852141 0.979937136
1341846441.950113 -0.552498698 -0.068602785 0.302359790 -0.005967111 0.201014176 0.003702736 0.979563177
1341846441.986157 -0.569988728 -0.075643033 0.312475413 -0.010164699 0.202496275 0.005829470 0.979212940
1341846442.018070 -0.579064310 -0.079307720 0.325714022 -0.011376299 0.202024370 0.010301097 0.979260266
1341846442.050044 -0.586572826 -0.079768799 0.327404737 -0.013052753 0.203885898 0.013493302 0.978814662
1341846442.086050 -0.597077191 -0.077758797 0.334502578 -0.016003601 0.207726777 0.016723396 0.977912962
1341846442.118273 -0.613450587 -0.092028424 0.357655793 -0.019479251 0.211248025 0.017661536 0.977078795
1341846442.150914 -0.624335647 -0.106550135 0.361343503 -0.017623948 0.211230829 0.019666130 0.977079391
1341846442.186309 -0.630443335 -0.108747765 0.364736080 -0.014231619 0.213503525 0.021025524 0.976612329
1341846442.254276 -0.651011646 -0.106080249 0.379668176 -0.013613632 0.221944377 0.017347338 0.974809945
1341846442.286112 -0.653516650 -0.104260020 0.362913758 -0.017264029 0.227315620 0.014626571 0.973558247
1341846442.318240 -0.654486895 -0.096719846 0.365672141 -0.023760594 0.238138020 0.015949927 0.970809639
1341846442.359932 -0.681252122 -0.108449213 0.396485180 -0.032153822 0.250447303 0.014085831 0.967493653
1341846442.417971 -0.682222962 -0.112663679 0.412122309 -0.039268460 0.264542967 0.015707679 0.963446021
1341846442.455016 -0.705542922 -0.112944536 0.418705881 -0.042038720 0.273187310 0.018897688 0.960856080
1341846442.486191 -0.705186844 -0.115979321 0.410996437 -0.043100614 0.276183099 0.025282849 0.959805191
1341846442.522074 -0.694841146 -0.105341479 0.394845307 -0.043519914 0.281643927 0.031859808 0.958001971
1341846442.553917 -0.702009678 -0.103704028 0.383117855 -0.049529254 0.292929858 0.035151847 0.954202950
1341846442.585989 -0.699080944 -0.108803347 0.398966849 -0.056800295 0.303261429 0.039298754 0.950400949
1341846442.627895 -0.687320173 -0.115288101 0.416254908 -0.061625160 0.311458886 0.044956762 0.947193027
1341846442.686166 -0.685518682 -0.117698207 0.424233317 -0.058711644 0.329318255 0.043713201 0.941377521
1341846442.721990 -0.682251692 -0.116316043 0.420660317 -0.055149205 0.335121095 0.042377662 0.939604461
1341846442.754276 -0.685936868 -0.117888339 0.420721591 -0.052457020 0.338821918 0.045958325 0.938262165
1341846442.790054 -0.754160523 -0.105408914 0.475285798 -0.050344568 0.353791982 0.032722682 0.933394849
1341846442.822072 -0.782150507 -0.108247213 0.491442114 -0.054569658 0.361104488 0.024899472 0.930594265
1341846442.854093 -0.801386297 -0.118300334 0.523590446 -0.057839647 0.366549999 0.024261124 0.928281784
1341846442.889944 -0.807753563 -0.115547247 0.541444719 -0.055059485 0.367008269 0.026406422 0.928211212
1341846442.922114 -0.811283231 -0.112841263 0.540040910 -0.054819781 0.368062913 0.025296040 0.927838683
1341846442.954040 -0.816519737 -0.123007126 0.554251015 -0.056332298 0.374252558 0.027034011 0.925219357
1341846442.989997 -0.835570395 -0.122928262 0.585263431 -0.051964797 0.376722962 0.027939886 0.924445152
1341846443.022264 -0.845536113 -0.111714005 0.597200274 -0.048047680 0.371273756 0.034280639 0.926645637
1341846443.058071 -0.835923910 -0.120725125 0.592419207 -0.049395207 0.371179551 0.035577059 0.926563621
1341846443.090123 -0.853477776 -0.127115130 0.607083023 -0.048403520 0.377335995 0.035947740 0.924111664
1341846443.122143 -0.869849801 -0.123991482 0.631484747 -0.045356415 0.376964539 0.041601520 0.924180686
1341846443.158076 -0.868192375 -0.124518842 0.632849455 -0.043211833 0.374613672 0.044897746 0.925084651
1341846443.190201 -0.870565534 -0.123267762 0.635839581 -0.041161399 0.376203537 0.046780363 0.924439430
1341846443.226121 -0.886618972 -0.118655965 0.650709867 -0.039875150 0.377086133 0.049011003 0.924020588
1341846443.257975 -0.888909698 -0.122641213 0.658330500 -0.040378902 0.374756873 0.050567210 0.924862027
1341846443.289997 -0.887741983 -0.124967322 0.662004471 -0.039430432 0.375097036 0.051688481 0.924703062
1341846443.326118 -0.897943377 -0.123310700 0.673511088 -0.037908055 0.377957374 0.052915882 0.923531890
1341846443.358067 -0.903438807 -0.124284953 0.683024943 -0.036895454 0.378485858 0.052723791 0.923367441
1341846443.390137 -0.909001827 -0.120419614 0.682999134 -0.035614055 0.379437417 0.052828602 0.923021138
1341846443.426198 -0.911864638 -0.115457341 0.680496931 -0.037274513 0.383156866 0.052469127 0.921438277
1341846443.458405 -0.917815804 -0.120423205 0.702026486 -0.039893795 0.387754560 0.052240338 0.919416010
1341846443.494173 -0.921943188 -0.124971420 0.709091365 -0.039738812 0.390893370 0.051924903 0.918110549
1341846443.558139 -0.934023619 -0.103263937 0.709057927 -0.044868469 0.402331829 0.056952771 0.912618399
1341846443.594027 -0.934618533 -0.112297967 0.721506298 -0.050339200 0.407293648 0.057959020 0.910065174
1341846443.626290 -0.942682981 -0.107486024 0.715063691 -0.052220769 0.413282245 0.061313480 0.907034397
1341846443.658166 -0.945068002 -0.098699376 0.735016584 -0.058978651 0.422025204 0.062602825 0.902494967
1341846443.694065 -0.952547073 -0.109182134 0.761136234 -0.064723551 0.430173635 0.061844025 0.898296654
1341846443.726282 -0.963401079 -0.109541900 0.777717710 -0.065031193 0.435704052 0.064838827 0.895393193
1341846443.770837 -0.972866535 -0.111041985 0.789529979 -0.065252118 0.438454598 0.066519342 0.893909872
1341846443.800403 -0.984864712 -0.101336285 0.798091531 -0.065840088 0.439365536 0.067610398 0.893337488
1341846443.831984 -0.989525974 -0.093719862 0.808440924 -0.072013460 0.438442439 0.066548720 0.893394470
1341846443.868057 -0.996159196 -0.103055932 0.817629278 -0.077985242 0.438824654 0.065739349 0.892765164
1341846443.900439 -1.004051566 -0.108540013 0.833501339 -0.079336643 0.437669426 0.067427389 0.893087208
1341846443.932086 -1.008050680 -0.109592013 0.850759804 -0.078861840 0.435730994 0.067908086 0.894040167
1341846443.993912 -1.018913269 -0.100741513 0.865497351 -0.074615598 0.437035352 0.065567799 0.893942714
1341846444.029924 -1.030038357 -0.095448136 0.875067115 -0.077021100 0.437957019 0.064842284 0.893340290
1341846444.061948 -1.029179335 -0.095813863 0.885853052 -0.080795489 0.436504841 0.063484050 0.893815100
1341846444.093984 -1.030527115 -0.094201967 0.899569511 -0.083099924 0.437077850 0.063457571 0.893325567
1341846444.129916 -1.032984018 -0.098484494 0.900742352 -0.084453195 0.437134206 0.063692220 0.893154323
1341846444.162326 -1.036677361 -0.091201954 0.907201350 -0.084268875 0.439407170 0.063460059 0.892072260
1341846444.198431 -1.043666959 -0.083081469 0.913262546 -0.085649267 0.439228565 0.065466128 0.891883790
1341846444.229953 -1.042859674 -0.083103359 0.920328557 -0.089239448 0.436696380 0.067801632 0.892600417
1341846444.261919 -1.041346908 -0.091459081 0.933928370 -0.089045838 0.435325533 0.071224548 0.893022716
1341846444.298029 -1.051254749 -0.085932508 0.916275501 -0.087685026 0.431214601 0.073508650 0.894964755
1341846444.335959 -1.053226233 -0.083857223 0.922479093 -0.095404059 0.427703083 0.072621934 0.895932019
1341846444.398189 -1.049192667 -0.082735121 0.929090500 -0.092203990 0.419763625 0.076945066 0.899653494
1341846444.429979 -1.050475836 -0.083293132 0.927062929 -0.095050134 0.415919542 0.075690247 0.901247740
1341846444.466022 -1.048643112 -0.085137337 0.927272320 -0.097287782 0.414152920 0.074569575 0.901915669
1341846444.498181 -1.048365355 -0.081790470 0.933072805 -0.095891416 0.411292076 0.075677909 0.903280973
1341846444.530364 -1.050317168 -0.086138181 0.922708631 -0.095740795 0.404454052 0.076410145 0.906317890
1341846444.566040 -1.045643806 -0.089523539 0.916210651 -0.096689425 0.401055187 0.073820576 0.907940745
1341846444.598132 -1.042977810 -0.087655738 0.910245240 -0.096398018 0.398274094 0.071536928 0.909377694
1341846444.630024 -1.040750384 -0.091096580 0.903012574 -0.095360838 0.393509448 0.071612470 0.911552727
1341846444.666108 -1.033714771 -0.096153960 0.889182925 -0.093722403 0.389843673 0.071683139 0.913290560
1341846444.697995 -1.027266860 -0.098116815 0.872809052 -0.091136880 0.390201360 0.070686668 0.913477123
1341846444.734205 -1.024741054 -0.100410029 0.867947578 -0.088773705 0.390248835 0.069682859 0.913766563
1341846444.766262 -1.017018318 -0.108336881 0.851448953 -0.084632337 0.388293177 0.070465110 0.914931953
1341846444.798037 -1.011161208 -0.104523249 0.830026627 -0.080233447 0.387171179 0.071581259 0.915716767
1341846444.833972 -1.007041931 -0.103373155 0.816859901 -0.079475291 0.386471778 0.070729412 0.916144431
1341846444.866116 -0.999787986 -0.107252821 0.811130762 -0.078700975 0.384855121 0.070630342 0.916899204
1341846444.898025 -0.993193269 -0.106328920 0.794531465 -0.076087825 0.381701738 0.071752325 0.918349683
1341846444.934155 -0.987899303 -0.099550508 0.777108073 -0.075671680 0.378363699 0.073132269 0.919655561
1341846444.972057 -0.979628265 -0.108629502 0.768271029 -0.078673802 0.375140220 0.072903499 0.920741796
1341846445.034071 -0.967472196 -0.106461450 0.736815929 -0.077026501 0.368762553 0.072555505 0.923480809
1341846445.065987 -0.959473729 -0.108408384 0.721549928 -0.079405561 0.364313602 0.072260551 0.925066888
1341846445.102399 -0.949537456 -0.115622520 0.711930990 -0.079471529 0.360569417 0.071421161 0.926592112
1341846445.134054 -0.946011901 -0.109251529 0.699678481 -0.076850317 0.355735213 0.069260381 0.928843081
1341846445.170198 -0.941389680 -0.112673827 0.690058649 -0.078738406 0.346982241 0.066271789 0.932207942
1341846445.202068 -0.928128183 -0.123032890 0.671289742 -0.077879146 0.340492725 0.060806669 0.935041249
1341846445.234202 -0.922016859 -0.110603593 0.656761467 -0.073481180 0.334939241 0.056966618 0.937641203
1341846445.270262 -0.912182689 -0.105317920 0.654228210 -0.073611349 0.325830519 0.050613709 0.941198230
1341846445.334212 -0.884406567 -0.111662835 0.613420427 -0.072931550 0.312854320 0.043152478 0.946013272
1341846445.370095 -0.877460063 -0.102074385 0.606310546 -0.071127281 0.306704670 0.042002037 0.948213577
