# timestamp coverage_percent dynamic_pixels total_pixels
1341846434.710184 34.59 106257 307200
1341846434.746225 38.71 118911 307200
1341846434.778203 39.95 122724 307200
1341846434.810024 37.09 113953 307200
1341846434.846345 36.88 113280 307200
1341846434.878202 36.98 113597 307200
1341846434.914148 39.75 122099 307200
1341846434.946443 36.91 113387 307200
1341846434.978088 41.72 128173 307200
1341846435.014019 34.56 106170 307200
1341846435.045942 35.63 109465 307200
1341846435.077985 37.97 116646 307200
1341846435.113961 37.08 113904 307200
1341846435.146181 37.39 114864 307200
1341846435.182052 37.26 114467 307200
1341846435.213955 38.61 118622 307200
1341846435.246495 39.05 119960 307200
1341846435.281968 43.51 133675 307200
1341846435.319946 39.80 122254 307200
1341846435.382078 44.09 135448 307200
1341846435.414309 45.36 139340 307200
1341846435.450323 47.07 144606 307200
1341846435.482273 47.52 145974 307200
1341846435.513983 47.46 145785 307200
1341846435.550153 47.78 146766 307200
1341846435.582003 49.13 150920 307200
1341846435.618180 52.20 160349 307200
1341846435.650183 51.74 158959 307200
1341846435.681920 47.62 146302 307200
1341846435.717877 46.33 142326 307200
1341846435.750187 46.41 142571 307200
1341846435.782022 45.86 140871 307200
1341846435.818082 46.46 142724 307200
1341846435.849992 47.18 144946 307200
1341846435.886101 45.01 138270 307200
1341846435.918077 46.52 142897 307200
1341846435.950077 44.99 138216 307200
1341846435.986080 48.71 149642 307200
1341846436.018119 44.90 137923 307200
1341846436.050565 44.25 135925 307200
1341846436.085970 40.86 125514 307200
1341846436.118116 46.81 143815 307200
1341846436.153952 42.42 130313 307200
1341846436.185994 40.27 123705 307200
1341846436.218096 30.96 95100 307200
1341846436.253965 38.18 117299 307200
1341846436.286007 36.33 111603 307200
1341846436.318164 33.69 103486 307200
1341846436.354084 30.48 93629 307200
1341846436.385958 33.22 102038 307200
1341846436.422052 30.50 93691 307200
1341846436.453972 30.36 93261 307200
1341846436.485966 28.99 89071 307200
1341846436.522075 32.51 99865 307200
1341846436.553975 37.15 114118 307200
1341846436.590103 38.83 119282 307200
1341846436.622042 38.29 117620 307200
1341846436.654125 38.69 118854 307200
1341846436.690078 43.29 132998 307200
1341846436.722015 46.07 141527 307200
1341846436.754167 45.41 139487 307200
1341846436.790021 47.82 146897 307200
1341846436.822079 50.80 156066 307200
1341846436.858129 50.89 156336 307200
1341846436.889894 48.36 148571 307200
1341846436.922139 51.72 158898 307200
1341846436.958108 56.28 172887 307200
1341846436.990096 52.67 161807 307200
1341846437.058136 55.39 170163 307200
1341846437.096585 57.72 177319 307200
1341846437.126102 58.13 178581 307200
1341846437.158050 56.77 174404 307200
1341846437.226114 63.19 194108 307200
1341846437.258123 66.09 203024 307200
1341846437.290095 62.77 192843 307200
1341846437.326061 59.58 183040 307200
1341846437.364153 62.30 191384 307200
1341846437.396140 60.47 185770 307200
1341846437.431962 61.61 189254 307200
1341846437.464061 62.89 193206 307200
1341846437.500080 64.02 196669 307200
1341846437.536428 63.37 194681 307200
1341846437.568842 62.96 193424 307200
1341846437.600736 61.08 187645 307200
1341846437.632742 57.39 176316 307200
1341846437.669713 56.17 172557 307200
1341846437.700232 62.45 191839 307200
1341846437.739652 62.71 192656 307200
1341846437.795294 61.15 187842 307200
1341846437.830422 60.05 184483 307200
1341846437.863213 58.00 178172 307200
1341846437.930096 54.36 167005 307200
1341846437.961942 49.68 152629 307200
1341846437.994103 48.12 147825 307200
1341846438.030032 47.02 144452 307200
1341846438.068074 48.45 148848 307200
1341846438.130017 41.18 126492 307200
1341846438.164374 38.25 117509 307200
1341846438.198015 26.46 81274 307200
1341846438.229906 26.28 80727 307200
1341846438.262251 30.69 94289 307200
1341846438.298333 27.99 85984 307200
1341846438.329987 28.65 88001 307200
1341846438.366126 31.00 95234 307200
1341846438.398154 28.30 86933 307200
1341846438.430136 32.92 101127 307200
1341846438.465965 25.10 77099 307200
1341846438.530106 28.68 88102 307200
1341846438.566686 26.70 82031 307200
1341846438.598145 29.77 91459 307200
1341846438.634113 27.34 83981 307200
1341846438.665920 32.22 98967 307200
1341846438.697986 31.75 97522 307200
1341846438.734146 32.02 98355 307200
1341846438.766996 36.58 112360 307200
1341846438.801972 34.29 105348 307200
1341846438.834118 31.50 96778 307200
1341846438.865936 29.93 91947 307200
1341846438.902045 30.28 93025 307200
1341846438.934115 23.79 73082 307200
1341846438.966314 17.38 53386 307200
1341846439.001871 23.96 73606 307200
1341846439.034612 22.02 67658 307200
1341846439.070117 23.66 72698 307200
1341846439.101969 23.63 72601 307200
1341846439.134146 23.42 71951 307200
1341846439.170111 20.03 61546 307200
1341846439.202174 23.06 70852 307200
1341846439.234198 20.46 62842 307200
1341846439.269869 19.99 61396 307200
1341846439.302022 18.21 55954 307200
1341846439.338209 24.02 73782 307200
1341846439.369920 15.66 48110 307200
1341846439.402179 23.89 73398 307200
1341846439.437979 17.20 52831 307200
1341846439.470001 12.19 37458 307200
1341846439.502101 13.52 41541 307200
1341846439.538102 18.54 56961 307200
1341846439.570087 15.84 48669 307200
1341846439.605986 12.54 38536 307200
1341846439.638201 13.30 40847 307200
1341846439.670177 11.85 36404 307200
1341846439.706034 11.27 34631 307200
1341846439.737939 13.98 42950 307200
1341846439.774173 15.65 48086 307200
1341846439.806288 12.95 39795 307200
1341846439.846398 16.19 49743 307200
1341846439.906194 12.39 38050 307200
1341846439.938149 13.32 40933 307200
1341846439.974174 23.30 71576 307200
1341846440.006174 14.43 44328 307200
1341846440.042214 23.70 72814 307200
1341846440.073971 14.74 45276 307200
1341846440.106449 22.13 67990 307200
1341846440.142076 26.27 80712 307200
1341846440.173898 22.28 68443 307200
1341846440.206048 22.25 68354 307200
1341846440.242218 21.09 64789 307200
1341846440.274220 22.13 67971 307200
1341846440.310040 25.87 79464 307200
1341846440.341908 18.90 58052 307200
1341846440.374065 20.46 62864 307200
1341846440.410065 18.66 57322 307200
1341846440.442063 13.39 41137 307200
1341846440.474055 23.13 71064 307200
1341846440.510034 7.07 21713 307200
1341846440.542081 13.95 42850 307200
1341846440.578060 13.85 42561 307200
1341846440.610154 14.25 43782 307200
1341846440.642042 13.11 40261 307200
1341846440.678071 17.40 53454 307200
1341846440.710213 15.31 47028 307200
1341846440.742033 18.56 57016 307200
1341846440.778145 13.29 40826 307200
1341846440.810360 18.33 56323 307200
1341846440.846329 16.38 50307 307200
1341846440.878141 15.28 46951 307200
1341846440.920960 15.98 49077 307200
1341846440.952308 18.77 57669 307200
1341846440.986714 23.74 72941 307200
1341846441.052118 17.97 55215 307200
1341846441.114116 11.91 36584 307200
1341846441.146132 15.11 46423 307200
1341846441.178054 15.15 46540 307200
1341846441.214136 16.92 51968 307200
1341846441.246039 15.29 46979 307200
1341846441.282130 8.30 25491 307200
1341846441.314084 16.43 50475 307200
1341846441.346088 15.74 48351 307200
1341846441.382129 13.53 41565 307200
1341846441.414517 12.42 38142 307200
1341846441.445996 11.17 34321 307200
1341846441.482023 17.00 52218 307200
1341846441.514114 14.30 43922 307200
1341846441.582260 13.72 42143 307200
1341846441.614425 10.47 32159 307200
1341846441.650563 15.54 47735 307200
1341846441.681977 9.30 28560 307200
1341846441.714170 15.27 46910 307200
1341846441.750023 15.87 48755 307200
1341846441.781910 9.58 29429 307200
1341846441.818076 11.99 36824 307200
1341846441.850011 11.44 35138 307200
1341846441.882149 14.42 44313 307200
1341846441.918074 12.33 37873 307200
1341846441.950113 12.00 36874 307200
1341846441.986157 11.48 35275 307200
1341846442.018070 10.16 31220 307200
1341846442.050044 14.62 44926 307200
1341846442.086050 20.18 61996 307200
1341846442.118273 35.43 108842 307200
1341846442.150914 21.66 66554 307200
1341846442.186309 27.03 83048 307200
1341846442.254276 18.40 56529 307200
1341846442.286112 54.65 167870 307200
1341846442.318240 50.17 154134 307200
1341846442.359932 53.85 165427 307200
1341846442.417971 52.54 161413 307200
1341846442.455016 56.98 175031 307200
1341846442.486191 49.99 153559 307200
1341846442.522074 48.43 148773 307200
1341846442.553917 46.80 143758 307200
1341846442.585989 49.80 152984 307200
1341846442.627895 57.68 177186 307200
1341846442.686166 53.73 165045 307200
1341846442.721990 47.60 146231 307200
1341846442.754276 56.24 172764 307200
1341846442.790054 55.90 171722 307200
1341846442.822072 57.72 177319 307200
1341846442.854093 59.34 182296 307200
1341846442.889944 49.75 152843 307200
1341846442.922114 47.34 145440 307200
1341846442.954040 48.54 149121 307200
1341846442.989997 47.76 146719 307200
1341846443.022264 44.42 136473 307200
1341846443.058071 41.27 126792 307200
1341846443.090123 37.78 116048 307200
1341846443.122143 36.01 110612 307200
1341846443.158076 34.36 105560 307200
1341846443.190201 31.24 95965 307200
1341846443.226121 29.28 89937 307200
1341846443.257975 28.15 86487 307200
1341846443.289997 26.25 80642 307200
1341846443.326118 25.05 76952 307200
1341846443.358067 23.12 71030 307200
1341846443.390137 20.28 62297 307200
1341846443.426198 26.01 79912 307200
1341846443.458405 33.29 102281 307200
1341846443.494173 30.38 93336 307200
1341846443.558139 40.18 123438 307200
1341846443.594027 37.35 114731 307200
1341846443.626290 40.58 124659 307200
1341846443.658166 39.82 122328 307200
1341846443.694065 44.16 135669 307200
1341846443.726282 31.23 95932 307200
1341846443.770837 33.05 101539 307200
1341846443.800403 35.07 107742 307200
1341846443.831984 37.80 116130 307200
1341846443.868057 40.21 123523 307200
1341846443.900439 35.36 108638 307200
1341846443.932086 32.50 99837 307200
1341846443.993912 33.08 101610 307200
1341846444.029924 30.82 94693 307200
1341846444.061948 29.60 90930 307200
1341846444.093984 28.98 89023 307200
1341846444.129916 26.85 82493 307200
1341846444.162326 31.63 97160 307200
1341846444.198431 32.91 101096 307200
1341846444.229953 31.49 96737 307200
1341846444.261919 31.39 96426 307200
1341846444.298029 37.35 114724 307200
1341846444.335959 39.69 121913 307200
1341846444.398189 36.61 112454 307200
1341846444.429979 28.39 87203 307200
1341846444.466022 27.08 83175 307200
1341846444.498181 27.47 84402 307200
1341846444.530364 29.00 89092 307200
1341846444.566040 27.44 84310 307200
1341846444.598132 25.85 79397 307200
1341846444.630024 26.17 80394 307200
1341846444.666108 30.55 93842 307200
1341846444.697995 28.03 86104 307200
1341846444.734205 32.20 98924 307200
1341846444.766262 33.49 102876 307200
1341846444.798037 33.88 104091 307200
1341846444.833972 26.99 82901 307200
1341846444.866116 25.36 77898 307200
1341846444.898025 27.84 85529 307200
1341846444.934155 28.42 87308 307200
1341846444.972057 24.72 75931 307200
1341846445.034071 31.47 96667 307200
1341846445.065987 26.76 82203 307200
1341846445.102399 31.58 97006 307200
1341846445.134054 30.31 93112 307200
1341846445.170198 33.24 102110 307200
1341846445.202068 29.63 91032 307200
1341846445.234202 31.69 97347 307200
1341846445.270262 32.02 98365 307200
1341846445.334212 36.14 111007 307200
1341846445.370095 31.57 96994 307200
