# timestamp inlier_ratio num_inliers num_total_matches
1341846434.746225 0.755627 235 311
1341846434.778203 0.772059 210 272
1341846434.810024 0.760784 194 255
1341846434.846345 0.771318 199 258
1341846434.878202 0.802158 223 278
1341846434.914148 0.681159 141 207
1341846434.946443 0.710000 213 300
1341846434.978088 0.718563 240 334
1341846435.014019 0.603261 222 368
1341846435.045942 0.589235 208 353
1341846435.077985 0.549383 178 324
1341846435.113961 0.697509 196 281
1341846435.146181 0.796552 231 290
1341846435.182052 0.689139 184 267
1341846435.213955 0.779070 201 258
1341846435.246495 0.722892 180 249
1341846435.281968 0.764706 169 221
1341846435.319946 0.702381 177 252
1341846435.382078 0.706422 154 218
1341846435.414309 0.703704 152 216
1341846435.450323 0.755365 176 233
1341846435.482273 0.732057 153 209
1341846435.513983 0.790179 177 224
1341846435.550153 0.783251 159 203
1341846435.582003 0.775148 131 169
1341846435.618180 0.713080 169 237
1341846435.650183 0.773649 229 296
1341846435.681920 0.714286 190 266
1341846435.717877 0.731092 261 357
1341846435.750187 0.699115 237 339
1341846435.782022 0.684211 143 209
1341846435.818082 0.736486 218 296
1341846435.849992 0.788060 264 335
1341846435.886101 0.803279 294 366
1341846435.918077 0.743243 220 296
1341846435.950077 0.796143 289 363
1341846435.986080 0.725275 198 273
1341846436.018119 0.715909 189 264
1341846436.050565 0.712500 171 240
1341846436.085970 0.781955 208 266
1341846436.118116 0.788845 198 251
1341846436.153952 0.794776 213 268
1341846436.185994 0.816860 281 344
1341846436.218096 0.743590 290 390
1341846436.253965 0.771208 300 389
1341846436.286007 0.751092 344 458
1341846436.318164 0.795506 354 445
1341846436.354084 0.748927 349 466
1341846436.385958 0.699187 344 492
1341846436.422052 0.677019 327 483
1341846436.453972 0.732365 353 482
1341846436.485966 0.743697 354 476
1341846436.522075 0.734411 318 433
1341846436.553975 0.663130 250 377
1341846436.590103 0.732530 304 415
1341846436.622042 0.727700 310 426
1341846436.654125 0.740047 316 427
1341846436.690078 0.710811 263 370
1341846436.722015 0.712846 283 397
1341846436.754167 0.752604 289 384
1341846436.790021 0.687316 233 339
1341846436.822079 0.720867 266 369
1341846436.858129 0.628415 230 366
1341846436.889894 0.706856 299 423
1341846436.922139 0.699229 272 389
1341846436.958108 0.700637 220 314
1341846436.990096 0.723404 238 329
1341846437.058136 0.751908 197 262
1341846437.096585 0.746622 221 296
1341846437.126102 0.674912 191 283
1341846437.158050 0.663793 154 232
1341846437.226114 0.467105 71 152
1341846437.258123 0.637584 190 298
1341846437.290095 0.718686 350 487
1341846437.326061 0.704420 255 362
1341846437.364153 0.618474 308 498
1341846437.396140 0.636559 296 465
1341846437.431962 0.581301 143 246
1341846437.464061 0.611702 230 376
1341846437.500080 0.666667 274 411
1341846437.536428 0.673352 235 349
1341846437.568842 0.760181 336 442
1341846437.600736 0.624776 348 557
1341846437.632742 0.664179 178 268
1341846437.669713 0.672241 201 299
1341846437.700232 0.592308 154 260
1341846437.739652 0.716912 195 272
1341846437.795294 0.672566 228 339
1341846437.830422 0.622340 234 376
1341846437.863213 0.653944 257 393
1341846437.930096 0.659483 306 464
1341846437.961942 0.659176 352 534
1341846437.994103 0.659851 355 538
1341846438.030032 0.678694 395 582
1341846438.068074 0.683849 398 582
1341846438.130017 0.652038 416 638
1341846438.164374 0.635135 423 666
1341846438.198015 0.638519 431 675
1341846438.229906 0.640514 449 701
1341846438.262251 0.597285 396 663
1341846438.298333 0.542113 354 653
1341846438.329987 0.618128 416 673
1341846438.366126 0.627365 431 687
1341846438.398154 0.574887 380 661
1341846438.430136 0.597968 412 689
1341846438.465965 0.652299 454 696
1341846438.530106 0.624406 394 631
1341846438.566686 0.632550 377 596
1341846438.598145 0.634103 357 563
1341846438.634113 0.600394 305 508
1341846438.665920 0.593272 388 654
1341846438.697986 0.606285 328 541
1341846438.734146 0.632624 446 705
1341846438.766996 0.529514 305 576
1341846438.801972 0.587776 452 769
1341846438.834118 0.661581 477 721
1341846438.865936 0.647376 481 743
1341846438.902045 0.650418 467 718
1341846438.934115 0.669241 520 777
1341846438.966314 0.641626 521 812
1341846439.001871 0.662776 511 771
1341846439.034612 0.641439 517 806
1341846439.070117 0.640764 503 785
1341846439.101969 0.632895 481 760
1341846439.134146 0.614322 489 796
1341846439.170111 0.606299 462 762
1341846439.202174 0.600487 493 821
1341846439.234198 0.618252 481 778
1341846439.269869 0.613990 474 772
1341846439.302022 0.614518 491 799
1341846439.338209 0.665786 504 757
1341846439.369920 0.639136 503 787
1341846439.402179 0.619799 432 697
1341846439.437979 0.616250 493 800
1341846439.470001 0.638821 520 814
1341846439.502101 0.653603 517 791
1341846439.538102 0.629435 479 761
1341846439.570087 0.638958 515 806
1341846439.605986 0.637516 503 789
1341846439.638201 0.631980 498 788
1341846439.670177 0.650649 501 770
1341846439.706034 0.657035 523 796
1341846439.737939 0.638353 496 777
1341846439.774173 0.599206 453 756
1341846439.806288 0.600770 468 779
1341846439.846398 0.629781 461 732
1341846439.906194 0.609524 448 735
1341846439.938149 0.611413 450 736
1341846439.974174 0.542342 301 555
1341846440.006174 0.619456 433 699
1341846440.042214 0.605965 386 637
1341846440.073971 0.622995 466 748
1341846440.106449 0.591808 419 708
1341846440.142076 0.646688 410 634
1341846440.173898 0.597384 411 688
1341846440.206048 0.600910 396 659
1341846440.242218 0.564465 359 636
1341846440.274220 0.599691 388 647
1341846440.310040 0.624194 387 620
1341846440.341908 0.635093 409 644
1341846440.374065 0.633987 388 612
1341846440.410065 0.625407 384 614
1341846440.442063 0.590538 362 613
1341846440.474055 0.565693 310 548
1341846440.510034 0.675227 447 662
1341846440.542081 0.674380 408 605
1341846440.578060 0.653465 396 606
1341846440.610154 0.637398 392 615
1341846440.642042 0.629503 367 583
1341846440.678071 0.608775 333 547
1341846440.710213 0.613636 351 572
1341846440.742033 0.581353 318 547
1341846440.778145 0.674016 428 635
1341846440.810360 0.683962 435 636
1341846440.846329 0.659164 410 622
1341846440.878141 0.643216 384 597
1341846440.920960 0.590361 294 498
1341846440.952308 0.623211 392 629
1341846440.986714 0.638298 360 564
1341846441.052118 0.590219 350 593
1341846441.114116 0.666168 445 668
1341846441.146132 0.650842 425 653
1341846441.178054 0.663043 427 644
1341846441.214136 0.621495 399 642
1341846441.246039 0.653666 419 641
1341846441.282130 0.628527 401 638
1341846441.314084 0.615506 389 632
1341846441.346088 0.621262 374 602
1341846441.382129 0.681009 459 674
1341846441.414517 0.655385 426 650
1341846441.445996 0.633929 426 672
1341846441.482023 0.658147 412 626
1341846441.514114 0.606884 335 552
1341846441.582260 0.604885 421 696
1341846441.614425 0.648286 435 671
1341846441.650563 0.621035 372 599
1341846441.681977 0.601600 376 625
1341846441.714170 0.563011 344 611
1341846441.750023 0.656761 442 673
1341846441.781910 0.630952 424 672
1341846441.818076 0.616438 405 657
1341846441.850011 0.618321 405 655
1341846441.882149 0.604762 381 630
1341846441.918074 0.650138 472 726
1341846441.950113 0.682893 491 719
1341846441.986157 0.643377 442 687
1341846442.018070 0.613372 422 688
1341846442.050044 0.620795 406 654
1341846442.086050 0.644476 455 706
1341846442.118273 0.629358 343 545
1341846442.150914 0.596330 325 545
1341846442.186309 0.640264 388 606
1341846442.254276 0.573964 291 507
1341846442.286112 0.501873 134 267
1341846442.318240 0.486005 191 393
1341846442.359932 0.584135 243 416
1341846442.417971 0.370518 93 251
1341846442.455016 0.485955 173 356
1341846442.486191 0.496855 158 318
1341846442.522074 0.361702 102 282
1341846442.553917 0.468951 219 467
1341846442.585989 0.471933 227 481
1341846442.627895 0.440860 205 465
1341846442.686166 0.365079 161 441
1341846442.721990 0.315565 148 469
1341846442.754276 0.518881 371 715
1341846442.790054 0.450372 363 806
1341846442.822072 0.456161 385 844
1341846442.854093 0.449465 378 841
1341846442.889944 0.425373 342 804
1341846442.922114 0.433996 240 553
1341846442.954040 0.540309 315 583
1341846442.989997 