1341846434.710184 0.0000000 0.0000000 0.0000000 -0.0000000 -0.0000000 -0.0000000 1.0000000
1341846434.914148 0.0314849 -0.0051347 -0.0364185 0.0014494 -0.0044310 -0.0169005 0.9998463
1341846434.946443 0.0321743 -0.0114066 -0.0548183 -0.0011113 -0.0176700 -0.0269371 0.9994804
1341846435.077985 0.1001511 -0.0289208 -0.0402202 0.0028348 -0.0374801 -0.0269634 0.9989296
1341846435.113961 0.1022506 -0.0332125 -0.0433917 0.0063232 -0.0357438 -0.0273720 0.9989660
1341846435.182052 0.1028549 -0.0337680 -0.0434889 0.0116682 -0.0396047 -0.0244835 0.9988473
1341846435.681920 0.2709826 -0.0620941 -0.0518421 0.0232287 -0.1072020 -0.0139737 0.9938676
1341846435.782022 0.2985387 -0.0615621 -0.0613361 0.0255591 -0.1149819 -0.0162215 0.9929062
1341846435.818082 0.3167724 -0.0633730 -0.0584391 0.0260607 -0.1189120 -0.0175919 0.9924068
1341846435.849992 0.3223411 -0.0670596 -0.0576627 0.0267328 -0.1211618 -0.0175609 0.9921173
1341846435.918077 0.3500339 -0.0616039 -0.0568960 0.0275783 -0.1297333 -0.0165541 0.9910271
1341846435.950077 0.3587276 -0.0716565 -0.0584171 0.0264219 -0.1332823 -0.0141470 0.9906248
1341846435.986080 0.3672847 -0.0810969 -0.0598130 0.0274626 -0.1377337 -0.0126536 0.9900076
1341846436.050565 0.3943448 -0.0657980 -0.0575582 0.0286810 -0.1488435 -0.0087178 0.9884063
1341846436.153952 0.4366029 -0.0742538 -0.0375382 0.0252919 -0.1617255 -0.0023016 0.9865090
1341846436.185994 0.4429668 -0.0788412 -0.0391646 0.0259004 -0.1628220 -0.0007773 0.9863151
1341846436.858129 0.5818967 -0.0763455 0.0363439 0.0190400 -0.2462716 -0.0105352 0.9689566
1341846436.958108 0.5958235 -0.0807100 0.0597331 0.0160737 -0.2581291 0.0002480 0.9659767
1341846437.226114 0.6702071 -0.0576743 0.0748988 -0.0116822 -0.2884939 0.0051009 0.9573969
1341846437.258123 0.6766835 -0.0780810 0.1029877 -0.0248356 -0.2908892 0.0039226 0.9564263
1341846437.431962 0.7000517 -0.0898835 0.1187766 -0.0517228 -0.3135694 0.0066188 0.9481325
1341846437.536428 0.7210883 -0.0925044 0.1600833 -0.0634402 -0.3275817 0.0037852 0.9426830
1341846437.632742 0.7457098 -0.0834133 0.1744655 -0.0501658 -0.3345110 0.0042491 0.9410461
1341846437.700232 0.7686609 -0.0726583 0.1975915 -0.0454616 -0.3341938 0.0004610 0.9414073
1341846437.739652 0.7997315 -0.0882791 0.1885026 -0.0444085 -0.3280347 -0.0047048 0.9436095
1341846437.830422 0.7814190 -0.0918693 0.2041846 -0.0385039 -0.3137129 -0.0164525 0.9485942
1341846437.863213 0.7872102 -0.0818813 0.2151075 -0.0353543 -0.3135846 -0.0139679 0.9487991
1341846437.930096 0.8028473 -0.0859258 0.2161205 -0.0359999 -0.3056988 -0.0091579 0.9514034
1341846437.961942 0.8048277 -0.0976654 0.2194257 -0.0384423 -0.3073763 -0.0052000 0.9507970
1341846437.994103 0.8167294 -0.0838053 0.2164881 -0.0375600 -0.3100209 -0.0023710 0.9499846
1341846438.634113 0.7320791 -0.0701823 0.2827104 -0.0426938 -0.2634051 0.0023073 0.9637374
1341846438.697986 0.7206284 -0.0848065 0.2909198 -0.0480243 -0.2456473 0.0012717 0.9681681
1341846439.974174 0.2527811 -0.0586997 0.2209587 0.0165664 -0.0028128 -0.0070802 0.9998338
1341846440.474055 0.0308581 -0.0670005 0.2561971 0.0291608 0.0835208 0.0020285 0.9960772
1341846441.052118 -0.2400951 -0.0637894 0.2705807 0.0153268 0.1423107 0.0144476 0.9895979
1341846441.346088 -0.3309107 -0.0661350 0.2652802 0.0129266 0.1685210 0.0068872 0.9855893
1341846441.514114 -0.4084609 -0.0728154 0.2768683 0.0163542 0.1749866 0.0009046 0.9844345
1341846441.882149 -0.5279739 -0.0641854 0.2949410 0.0044656 0.1974940 0.0039174 0.9802861
1341846442.050044 -0.5821374 -0.0787499 0.3325348 -0.0130288 0.2032747 0.0131221 0.9789471
1341846442.286112 -0.6556405 -0.1017995 0.3614133 -0.0169202 0.2274227 0.0152317 0.9735300
1341846442.417971 -0.6825949 -0.1128487 0.4091814 -0.0391181 0.2641452 0.0162668 0.9635521
1341846442.522074 -0.6985918 -0.1127192 0.4032361 -0.0447371 0.2823417 0.0297505 0.9578083
1341846442.721990 -0.7527177 -0.1265809 0.4826276 -0.0575569 0.3491589 0.0247924 0.9349656
1341846442.922114 -0.8119801 -0.1144447 0.5415336 -0.0553247 0.3675489 0.0229043 0.9280746
1341846443.022264 -0.8460299 -0.1178616 0.5909702 -0.0491576 0.3705289 0.0321496 0.9269618
1341846443.122143 -0.8651834 -0.1250069 0.6261042 -0.0455593 0.3752562 0.0407408 0.9249039
1341846443.358067 -0.8985691 -0.1250151 0.6756287 -0.0369392 0.3767568 0.0529252 0.9240610
1341846443.558139 -0.9337014 -0.1075152 0.6989325 -0.0454766 0.4013090 0.0557883 0.9131104
1341846443.658166 -0.9496085 -0.1050669 0.7197055 -0.0596824 0.4213022 0.0614763 0.9028639
1341846443.770837 -0.9743318 -0.1118070 0.7795705 -0.0654469 0.4378287 0.0653059 0.8942919
1341846443.868057 -0.9968005 -0.1046722 0.8139672 -0.0782470 0.4386236 0.0649736 0.8928971
1341846444.198431 -1.0446851 -0.0873440 0.9056121 -0.0864520 0.4386000 0.0650023 0.8921495
1341846445.202068 -0.9260998 -0.1190475 0.6667661 -0.0767623 0.3400221 0.0622106 0.9352125
