1341846434710184192.000000 0.000000000 0.000000000 0.000000000 -0.000000000 -0.000000000 -0.000000000 1.000000000
1341846434914148096.000000 0.031484913 -0.005134677 -0.036418524 0.001449386 -0.004431024 -0.016900502 0.999846339
1341846434946443008.000000 0.032174256 -0.011406616 -0.054818317 -0.001111338 -0.017670045 -0.026937092 0.999480367
1341846435077985024.000000 0.100151092 -0.028920786 -0.040220175 0.002834821 -0.037480086 -0.026963390 0.998929560
1341846435113960960.000000 0.102250569 -0.033212487 -0.043391742 0.006323198 -0.035743773 -0.027371960 0.998966038
1341846435182051840.000000 0.102854908 -0.033767957 -0.043488935 0.011668178 -0.039604750 -0.024483476 0.998847306
1341846435681920000.000000 0.270982623 -0.062094115 -0.051842127 0.023228720 -0.107201964 -0.013973692 0.993867636
1341846435782021888.000000 0.298538655 -0.061562106 -0.061336104 0.025559055 -0.114981905 -0.016221484 0.992906213
1341846435818082048.000000 0.316772372 -0.063372955 -0.058439143 0.026060676 -0.118911996 -0.017591896 0.992406845
1341846435849991936.000000 0.322341084 -0.067059569 -0.057662737 0.026732838 -0.121161833 -0.017560871 0.992117345
1341846435918076928.000000 0.350033909 -0.061603867 -0.056895979 0.027578264 -0.129733339 -0.016554119 0.991027057
1341846435950077184.000000 0.358727634 -0.071656547 -0.058417059 0.026421942 -0.133282274 -0.014147022 0.990624845
1341846435986080000.000000 0.367284656 -0.081096902 -0.059812956 0.027462622 -0.137733743 -0.012653610 0.990007639
1341846436050565120.000000 0.394344777 -0.065797970 -0.057558224 0.028680988 -0.148843482 -0.008717763 0.988406301
1341846436153952000.000000 0.436602861 -0.074253835 -0.037538189 0.025291931 -0.161725491 -0.002301645 0.986508965
1341846436185993984.000000 0.442966789 -0.078841187 -0.039164603 0.025900370 -0.162822023 -0.000777333 0.986315131
1341846436858129152.000000 0.581896663 -0.076345518 0.036343899 0.019040028 -0.246271566 -0.010535226 0.968956590
1341846436958107904.000000 0.595823467 -0.080709971 0.059733085 0.016073724 -0.258129120 0.000247979 0.965976655
1341846437226114048.000000 0.670207083 -0.057674300 0.074898809 -0.011682169 -0.288493931 0.005100853 0.957396865
1341846437258123008.000000 0.676683545 -0.078080975 0.102987655 -0.024835637 -0.290889233 0.003922585 0.956426322
1341846437431962112.000000 0.700051665 -0.089883491 0.118776552 -0.051722795 -0.313569397 0.006618793 0.948132455
1341846437536428032.000000 0.721088350 -0.092504397 0.160083309 -0.063440181 -0.327581674 0.003785232 0.942683041
1341846437632741888.000000 0.745709836 -0.083413258 0.174465477 -0.050165754 -0.334511042 0.004249146 0.941046119
1341846437700231936.000000 0.768660903 -0.072658330 0.197591484 -0.045461595 -0.334193766 0.000460963 0.941407263
1341846437739651840.000000 0.799731493 -0.088279083 0.188502640 -0.044408504 -0.328034669 -0.004704786 0.943609536
1341846437830422016.000000 0.781419039 -0.091869310 0.204184577 -0.038503893 -0.313712895 -0.016452545 0.948594213
1341846437863213056.000000 0.787210226 -0.081881300 0.215107471 -0.035354335 -0.313584596 -0.013967863 0.948799074
1341846437930095872.000000 0.802847326 -0.085925840 0.216120511 -0.035999887 -0.305698812 -0.009157932 0.951403379
1341846437961942016.000000 0.804827690 -0.097665377 0.219425708 -0.038442329 -0.307376325 -0.005199997 0.950797021
1341846437994103040.000000 0.816729426 -0.083805308 0.216488093 -0.037560008 -0.310020894 -0.002371003 0.949984550
1341846438634113024.000000 0.732079148 -0.070182264 0.282710403 -0.042693812 -0.263405055 0.002307325 0.963737369
1341846438697985792.000000 0.720628440 -0.084806502 0.290919840 -0.048024323 -0.245647311 0.001271707 0.968168080
1341846439974173952.000000 0.252781063 -0.058699675 0.220958680 0.016566450 -0.002812782 -0.007080218 0.999833763
1341846440474055168.000000 0.030858088 -0.067000471 0.256197065 0.029160755 0.083520755 0.002028474 0.996077240
1341846441052118016.000000 -0.240095124 -0.063789427 0.270580709 0.015326787 0.142310694 0.014447563 0.989597917
1341846441346087936.000000 -0.330910742 -0.066134952 0.265280187 0.012926596 0.168520957 0.006887157 0.985589266
1341846441514113792.000000 -0.408460885 -0.072815433 0.276868343 0.016354186 0.174986646 0.000904606 0.984434545
1341846441882148864.000000 -0.527973950 -0.064185426 0.294941008 0.004465580 0.197494000 0.003917410 0.980286121
1341846442050044160.000000 -0.582137406 -0.078749910 0.332534820 -0.013028783 0.203274682 0.013122074 0.978947103
1341846442286112000.000000 -0.655640543 -0.101799488 0.361413300 -0.016920153 0.227422670 0.015231679 0.973529994
1341846442417970944.000000 -0.682594895 -0.112848714 0.409181416 -0.039118111 0.264145166 0.016266804 0.963552058
1341846442522074112.000000 -0.698591828 -0.112719156 0.403236061 -0.044737149 0.282341719 0.029750463 0.957808256
1341846442721990144.000000 -0.752717674 -0.126580894 0.482627630 -0.057556856 0.349158913 0.024792364 0.934965551
1341846442922113792.000000 -0.811980128 -0.114444658 0.541533649 -0.055324681 0.367548913 0.022904256 0.928074598
1341846443022264064.000000 -0.846029878 -0.117861584 0.590970218 -0.049157590 0.370528877 0.032149609 0.926961839
1341846443122142976.000000 -0.865183413 -0.125006855 0.626104236 -0.045559268 0.375256211 0.040740773 0.924903929
1341846443358066944.000000 -0.898569107 -0.125015095 0.675628722 -0.036939211 0.376756817 0.052925203 0.924061000
1341846443558139136.000000 -0.933701396 -0.107515208 0.698932469 -0.045476604 0.401308954 0.055788308 0.913110435
1341846443658166016.000000 -0.949608505 -0.105066866 0.719705522 -0.059682354 0.421302199 0.061476313 0.902863860
1341846443770836992.000000 -0.974331796 -0.111807026 0.779570460 -0.065446928 0.437828690 0.065305926 0.894291878
1341846443868057088.000000 -0.996800542 -0.104672179 0.813967168 -0.078247003 0.438623607 0.064973645 0.892897069
1341846444198430976.000000 -1.044685125 -0.087343991 0.905612111 -0.086452000 0.438600034 0.065002292 0.892149508
1341846445202067968.000000 -0.926099777 -0.119047493 0.666766107 -0.076762341 0.340022057 0.062210631 0.935212493
