0.0177
0.0207
0.0226
0.0266
0.0180
0.0208
0.0224
0.0215
0.0172
0.0138
0.0144
0.0135
0.0146
0.0146
0.0151
0.0158
0.0156
0.0160
0.0179
0.0205
0.0146
0.0218
0.0171
0.0222
0.0238
0.0193
0.0266
0.0369
0.0264
0.0377
0.0266
0.0313
0.0341
0.0252
0.0249
0.0273
0.0392
0.0316
0.0289
0.0306
0.0277
0.0250
0.0271
0.0254
0.0304
0.0346
0.0284
0.0288
0.0253
0.0226
0.0290
0.0262
0.0306
0.0326
0.0245
0.0257
0.0250
0.0249
0.0318
0.0247
0.0347
0.0338
0.0283
0.0317
0.0337
0.0249
0.0317
0.0265
0.0429
0.0274
0.0366
0.0313
0.0306
0.0327
0.0321
0.0347
0.0279
0.0284
0.0252
0.0473
0.0421
0.0336
0.0271
0.0256
0.0386
0.0314
0.0395
0.0254
0.0305
0.0302
0.0338
0.0292
0.0333
0.0404
0.0325
0.0316
0.0450
0.0273
0.0333
0.0253
0.0236
0.0278
0.0337
0.0298
0.0322
0.0252
0.0247
0.0318
0.0258
0.0385
0.0403
0.0459
0.0390
0.0450
0.0320
0.0319
0.0365
0.0315
0.0293
0.0272
0.0316
0.0269
0.0320
0.0370
0.0288
0.0288
0.0322
0.0274
0.0280
0.0361
0.0275
0.0343
0.0287
0.0314
0.0246
0.0315
0.0335
0.0316
0.0379
0.0317
0.0312
0.0290
0.0369
0.0254
0.0345
0.0280
0.0236
0.0468
0.0313
0.0278
0.0294
0.0330
0.0289
0.0297
0.0289
0.0325
0.0398
0.0282
0.0328
0.0319
0.0331
0.0407
0.0364
0.0340
0.0327
0.0250
0.0479
0.0328
0.0296
0.0284
0.0347
0.0373
0.0345
0.0342
0.0390
0.0284
0.0346
0.0295
0.0249
0.0352
0.0294
0.0299
0.0439
0.0281
0.0421
0.0281
0.0278
0.0245
0.0368
0.0262
0.0302
0.0320
0.0290
0.0404
0.0404
0.0256
0.0280
0.0294
0.0270
0.0288
0.0375
0.0363
0.0334
0.0307
0.0437
0.0394
0.0359
0.0252
0.0353
0.0546
0.0286
0.0326
0.0374
0.0392
0.0401
0.0418
0.0522
0.0541
0.0532
0.0373
0.0374
0.0403
0.0318
0.0309
0.0365
0.0250
0.0322
0.0334
0.0322
0.0274
0.0408
0.0388
0.0483
0.0418
0.0374
0.0376
0.0345
0.0257
0.0298
0.0357
0.0241
0.0311
0.0287
0.0287
0.0274
0.0252
0.0262
0.0377
0.0286
0.0382
0.0242
0.0365
0.0256
0.0277
0.0307
0.0342
0.0363
0.0269
0.0339
0.0329
0.0325
0.0288
0.0277
0.0332
0.0246
0.0290
0.0283
0.0456
0.0248
0.0318
0.0375
0.0297
0.0289
0.0327
0.0295
0.0393
0.0318
0.0319
0.0338
0.0260
0.0375
0.0337
0.0351
0.0468
0.0349
0.0255
0.0237
0.0362
0.0255
0.0305
0.0266
0.0272
0.0350
0.0344
0.0285
0.0350
0.0302
0.0397
0.0353
0.0319
