##[Gaussian Mapper]Iteration 1389 keyframe id, used times, remaining times:
0 55 1
1 55 1
2 55 1
3 55 1
4 55 1
5 55 1
6 55 1
7 56 0
8 55 1
9 56 0
10 56 0
11 56 0
12 53 1
13 53 1
14 52 0
15 45 1
16 38 1
17 30 0
18 21 1
19 19 0
20 16 1
21 14 1
22 14 1
23 14 0
24 14 0
25 13 1
26 13 0
27 12 1
28 12 0
29 11 1
30 12 0
31 11 1
32 11 1
33 12 0
34 12 0
35 11 1
36 11 1
37 10 1
38 10 1
39 10 0
40 9 1
41 8 1
42 9 0
43 9 0
44 9 0
45 8 1
46 8 1
47 8 1
48 9 0
49 8 1
50 8 1
51 8 1
52 7 1
53 7 1
54 8 0
55 7 0
56 6 1
57 5 1
58 5 1
59 4 1
60 4 1
61 3 1
62 4 0
63 3 1
64 3 1
65 4 0
##=========================================
