##[Gaussian Mapper]keyframe id, dssim
0 0.5895402431
1 0.6153756976
2 0.6148997545
3 0.6490797400
4 0.6299246550
5 0.6579081416
6 0.6561314464
7 0.6362762451
8 0.6150079966
9 0.6394999623
10 0.6003101468
11 0.5822252035
12 0.5861428380
13 0.5981641412
14 0.6135897040
15 0.6052553058
16 0.6246738434
17 0.6271960735
18 0.6423732042
19 0.6476027369
20 0.6484441757
21 0.6377685666
22 0.6505065560
23 0.6565800309
24 0.6563752890
25 0.6767481565
26 0.6532960534
27 0.6311398745
28 0.6286252141
29 0.6371444464
30 0.6247891188
31 0.6209773421
32 0.6028257608
33 0.5594227314
34 0.5942145586
35 0.6018615961
36 0.6022878289
37 0.6006079316
38 0.6201549172
39 0.6092049479
40 0.6233828664
41 0.6250270605
42 0.6333462596
43 0.6595222950
44 0.6609880924
45 0.7390739918
46 0.7216580510
47 0.6451804638
48 0.5730041862
49 0.6168626547
50 0.6026217937
51 0.6085781455
52 0.6260547638
53 0.6253396273
54 0.6286251545
55 0.6246985197
56 0.6393026114
57 0.5656027794
58 0.5500046611
59 0.5730645061
60 0.5866250396
61 0.5655614734
62 0.5710271597
63 0.5893829465
64 0.5912623405
65 0.5795251131
66 0.6391677260
67 0.6381534338
68 0.5741543174
69 0.6023797989
70 0.6451232433
71 0.6381403208
