##[Gaussian Mapper]keyframe id, psnr
0 14.5271005630
1 15.2809257507
2 15.2208566666
3 15.4947233200
4 15.4051990509
5 15.5344438553
6 15.2547969818
7 14.8620271683
8 15.7016029358
9 16.1004180908
10 15.6267929077
11 14.7714900970
12 15.0026168823
13 14.8807144165
14 14.6265802383
15 14.3797636032
16 14.3205070496
17 14.1042957306
18 14.0184478760
19 13.9414672852
20 13.6922531128
21 13.3675270081
22 13.2882785797
23 13.4096240997
24 13.5473976135
25 14.4238986969
26 13.7911319733
27 13.7797489166
28 13.6682109833
29 13.2063245773
30 13.1095600128
31 13.1954135895
32 13.4950246811
33 13.5456981659
34 13.3843441010
35 13.7098045349
36 13.9269914627
37 14.3122558594
38 14.6806440353
39 14.8462333679
40 15.3536653519
41 15.3101959229
42 15.5722198486
43 15.9095106125
44 16.3997268677
45 17.5515823364
46 17.7618446350
47 17.1046619415
48 14.4577960968
49 15.5612583160
50 15.5558681488
51 15.5559921265
52 15.9345102310
53 15.9595928192
54 16.4546165466
55 16.5078525543
56 16.9308052063
57 14.5151309967
58 15.2220439911
59 14.9997768402
60 14.3521289825
61 13.1759595871
62 11.5406885147
63 12.1815299988
64 12.0112819672
65 12.9595079422
66 12.8855285645
67 12.6152877808
68 12.3310890198
69 12.8746843338
70 13.8842945099
71 15.5523118973
