##[Gaussian Mapper]keyframe id, psnr_gaussian_splatting
0 14.5581512451
1 15.3063669205
2 15.2441616058
3 15.5160322189
4 15.4253749847
5 15.5532207489
6 15.2668476105
7 14.8713817596
8 15.7113056183
9 16.1065769196
10 15.6298875809
11 14.7741107941
12 15.0070190430
13 14.8861236572
14 14.6289625168
15 14.3823814392
16 14.3238391876
17 14.1078472137
18 14.0224542618
19 13.9463310242
20 13.6950302124
21 13.3683948517
22 13.2888603210
23 13.4103755951
24 13.5480861664
25 14.4427480698
26 13.8027706146
27 13.7838535309
28 13.6744441986
29 13.2111186981
30 13.1138420105
31 13.1985950470
32 13.4984912872
33 13.5469245911
34 13.3849039078
35 13.7102556229
36 13.9317607880
37 14.3175315857
38 14.6885089874
39 14.8543453217
40 15.3620700836
41 15.3205919266
42 15.5823917389
43 15.9184494019
44 16.4070491791
45 17.6248245239
46 17.7951049805
47 17.1074008942
48 14.4619178772
49 15.5651426315
50 15.5652379990
51 15.5623283386
52 15.9381694794
53 15.9608736038
54 16.4584903717
55 16.5159435272
56 16.9323825836
57 14.5209255219
58 15.2323961258
59 15.0036754608
60 14.3562641144
61 13.1780004501
62 11.5484752655
63 12.1817388535
64 12.0126523972
65 12.9640998840
66 12.8891201019
67 12.6200046539
68 12.3362779617
69 12.8799381256
70 13.8870124817
71 15.5623378754
