##[Gaussian Mapper]Render time statistics: keyframe id, time(milliseconds)
0 0.56526300
1 0.60442500
2 0.53923300
3 0.52312800
4 0.52961400
5 0.46946000
6 0.49729200
7 0.49247400
8 0.50007700
9 0.46907800
10 0.50439500
11 0.53370900
12 0.55624900
13 0.55739300
14 0.57399200
15 0.54267600
16 0.51684200
17 0.54451000
18 0.48384100
19 0.47094200
20 0.48463700
21 0.55232200
22 0.56382900
23 0.55169200
24 0.54124600
25 0.51116000
26 0.49741200
27 0.50147700
28 0.49817200
29 0.44638600
30 0.52991100
31 0.51576200
32 0.54499700
33 0.48941800
34 0.53602400
35 0.50626100
36 0.46549300
37 0.47568700
38 0.44821400
39 0.44600100
40 0.46632300
41 0.45717600
42 0.45310800
43 0.47228000
44 0.49876500
45 0.49468700
46 0.88932500
47 0.59263800
48 0.53251800
49 0.56433600
50 0.50467200
51 0.54890000
52 0.48743300
53 0.50290100
54 0.54760800
55 0.53630700
56 0.52555200
57 0.51806300
58 0.52800500
59 0.50415300
60 0.56870400
61 0.49096100
62 0.56396500
63 0.50322300
64 0.52475800
65 0.46471400
66 0.49939400
67 0.53213300
68 0.46394700
69 0.48362800
70 0.57412300
71 0.45018900
