##[Gaussian Mapper]keyframe id, dssim
0 0.5249712467
1 0.5449967980
2 0.5550613999
3 0.5681075454
4 0.5661707520
5 0.5791289806
6 0.5767979622
7 0.5862221122
8 0.5884702206
9 0.5947874784
10 0.6144089103
11 0.5989339352
12 0.6019656062
13 0.6101345420
14 0.6033483744
15 0.5808300972
16 0.6103897095
17 0.5462733507
18 0.5103538632
19 0.4969290197
20 0.5143144727
21 0.5151608586
22 0.5299727321
23 0.5605434775
24 0.5776910782
25 0.5694349408
26 0.5810499787
27 0.6143377423
28 0.6130108237
29 0.6267305613
30 0.6398003101
31 0.6277515888
32 0.5968664289
33 0.6131634116
34 0.6225496531
35 0.5591312051
36 0.5682468414
37 0.5600010157
38 0.5533001423
39 0.6622819304
40 0.6231062412
41 0.6204385161
42 0.6220855117
43 0.6269890666
44 0.6180247068
45 0.5518351197
46 0.5878741145
47 0.5862023830
48 0.5810881853
49 0.5747764707
50 0.5547861457
51 0.5922130346
52 0.5756747723
53 0.5681740046
54 0.5826442838
55 0.5389891267
56 0.5557376146
57 0.5824900270
58 0.5342276692
59 0.4983993173
60 0.5225025415
61 0.4767875373
62 0.4581592679
63 0.4807854593
64 0.4622959495
65 0.4620732367
