##[Gaussian Mapper]keyframe id, psnr
0 14.9043083191
1 14.1078128815
2 13.8279857635
3 14.1640605927
4 14.0130195618
5 14.0241851807
6 13.8538436890
7 13.9600124359
8 14.2856111526
9 14.4183673859
10 14.7259788513
11 14.5817365646
12 14.7043571472
13 14.7141551971
14 14.8221549988
15 14.1434497833
16 14.4934835434
17 13.2934103012
18 12.5166053772
19 12.8139123917
20 13.2996902466
21 13.8064289093
22 13.7228755951
23 14.2954635620
24 15.2094268799
25 15.2274789810
26 15.2357826233
27 15.5908355713
28 15.4508867264
29 16.5797138214
30 16.6326179504
31 16.1441745758
32 16.3862991333
33 16.4609394073
34 16.7021942139
35 15.7939033508
36 15.2180919647
37 14.6021976471
38 15.2716274261
39 17.4405212402
40 17.1463241577
41 16.8711967468
42 17.1591682434
43 17.3547687531
44 16.8771533966
45 15.7265901566
46 16.6624526978
47 16.0201377869
48 15.3916311264
49 15.2330093384
50 14.9987030029
51 16.3471183777
52 15.7776851654
53 15.3706436157
54 15.4192924500
55 14.7185077667
56 14.9157629013
57 16.7850284576
58 15.9877033234
59 15.3550004959
60 15.5067644119
61 13.9493608475
62 13.6792545319
63 14.0544910431
64 13.6912298203
65 13.7582283020
