##[Gaussian Mapper]keyframe id, psnr_gaussian_splatting
0 14.9085845947
1 14.1118707657
2 13.8305168152
3 14.1678218842
4 14.0166034698
5 14.0276088715
6 13.8571968079
7 13.9634590149
8 14.2903709412
9 14.4227809906
10 14.7294120789
11 14.5849876404
12 14.7056865692
13 14.7195606232
14 14.8237743378
15 14.1440677643
16 14.4950666428
17 13.2945718765
18 12.5236015320
19 12.8220100403
20 13.3069057465
21 13.8119544983
22 13.7278928757
23 14.2973127365
24 15.2101030350
25 15.2285747528
26 15.2373075485
27 15.5921306610
28 15.4523983002
29 16.5830974579
30 16.6364841461
31 16.1475296021
32 16.4078121185
33 16.4803733826
34 16.7202091217
35 15.8071155548
36 15.2311697006
37 14.6150398254
38 15.2796916962
39 17.4449043274
40 17.1484680176
41 16.8741397858
42 17.1764945984
43 17.3735027313
44 16.8847217560
45 15.7312564850
46 16.6667518616
47 16.0218830109
48 15.3972148895
49 15.2381467819
50 15.0029830933
51 16.3504104614
52 15.7788944244
53 15.3716802597
54 15.4206104279
55 14.7238531113
56 14.9182243347
57 16.7889308929
58 15.9905738831
59 15.3581705093
60 15.5095081329
61 13.9557762146
62 13.6836814880
63 14.0588512421
64 13.6961307526
65 13.7637462616
