##[Gaussian Mapper]Render time statistics: keyframe id, time(milliseconds)
0 0.70890700
1 0.73490900
2 0.67655100
3 0.68428600
4 0.68947100
5 0.70280100
6 0.66631300
7 0.65119700
8 0.64979500
9 0.66998900
10 0.65596900
11 0.63717000
12 0.64901800
13 0.63938600
14 0.66871300
15 0.64885300
16 0.74871800
17 0.84804800
18 0.74991500
19 0.70226700
20 0.72702300
21 0.71721100
22 0.69182700
23 0.74220300
24 0.71422100
25 0.76701000
26 0.76118000
27 0.68562600
28 0.67535000
29 0.70267900
30 0.72402100
31 0.69663600
32 0.68104000
33 0.69179500
34 0.70750700
35 0.74678800
36 0.68098400
37 0.85966300
38 0.82535200
39 0.69837900
40 0.66481500
41 0.66426100
42 0.70424100
43 0.69411500
44 0.67861400
45 0.67841600
46 0.67435900
47 0.65582900
48 0.74908300
49 0.68967500
50 0.73719900
51 0.69928800
52 0.69646900
53 0.79215100
54 0.74275000
55 0.80190700
56 0.80632400
57 0.82630400
58 0.69010900
59 0.84424000
60 1.19932300
61 0.73050800
62 0.71131800
63 0.68044200
64 0.65524300
65 0.65767200
