1341846313.592026 0.000000000 0.000000000 0.000000000 -0.000000000 -0.000000000 -0.000000000 1.000000000
1341846313.654184 0.005930672 -0.001678825 0.000042248 -0.000951609 -0.002967073 0.004317377 0.999985814
1341846313.686156 0.016215511 -0.002927939 0.004059779 -0.000184616 -0.005822973 0.004239962 0.999974072
1341846313.721918 0.018416971 0.000409499 -0.008275354 0.000118568 -0.006378315 0.004820406 0.999968052
1341846313.753994 0.026637489 0.002660708 -0.002818310 0.000069589 -0.007130857 0.005925150 0.999957025
1341846313.789969 0.033557914 -0.000335850 0.002033498 0.000538797 -0.007737092 0.003646005 0.999963284
1341846313.822075 0.040609367 0.003869909 -0.001777175 0.000927734 -0.006843772 0.002042536 0.999974072
1341846313.853928 0.049412001 -0.004880775 0.002812753 -0.001200237 -0.004901306 0.001204160 0.999986589
1341846313.890011 0.063642278 0.008073920 0.002471182 0.000725451 -0.004717636 0.004010888 0.999980569
1341846313.922055 0.071445264 0.011877005 -0.003499945 -0.000834756 -0.004822489 0.005505118 0.999972880
1341846313.957927 0.101661734 0.012610892 0.010120723 -0.002894297 -0.003619985 0.005987073 0.999971330
1341846313.990058 0.069283038 0.015053774 0.019081485 -0.003724192 0.008376908 0.007548111 0.999929488
1341846314.022042 0.093539253 0.022353319 0.003184477 -0.005235946 0.006403440 0.008514647 0.999929547
1341846314.057816 0.110459767 0.014418136 0.001485236 -0.009675291 0.007800520 0.010699222 0.999865592
1341846314.089801 0.105820879 0.008526592 0.007118000 -0.009625139 0.014718301 0.007890756 0.999814212
1341846314.122037 0.113427177 0.027111329 -0.003024619 -0.008450075 0.017684666 0.012994790 0.999723494
1341846314.157989 0.131215572 0.016540002 0.007654691 -0.011979274 0.019124901 0.014906660 0.999634266
1341846314.190094 0.129564703 0.022182466 0.009059956 -0.011199449 0.024183482 0.014843726 0.999534607
1341846314.225969 0.138289273 0.029375004 0.009541712 -0.012943912 0.025334053 0.019412277 0.999406755
1341846314.257923 0.131764263 0.016562220 0.017671321 -0.016337698 0.029081840 0.018287446 0.999276221
1341846314.290052 0.136004686 0.019501826 0.017436879 -0.014580530 0.030450860 0.016491042 0.999293923
1341846314.325981 0.142504111 0.022980643 0.007546438 -0.015296844 0.031435523 0.014664159 0.999281168
1341846314.357905 0.157295823 0.017050775 0.009668678 -0.016696524 0.033202901 0.013913567 0.999212384
1341846314.389899 0.154515326 0.016215673 0.014266372 -0.015214894 0.037035175 0.012900942 0.999114871
1341846314.427905 0.172858745 0.025939152 0.013720069 -0.014353721 0.036875296 0.013434832 0.999126494
1341846314.493987 0.184701070 0.017787108 0.020210302 -0.013722968 0.046355769 0.005622095 0.998814881
1341846314.526085 0.189594656 0.024492657 0.009700008 -0.012943929 0.048351489 0.002915086 0.998742223
1341846314.558292 0.198068157 0.021311993 0.013790821 -0.014588390 0.050770476 0.004366750 0.998594284
1341846314.594085 0.209571525 0.014818592 0.011409794 -0.013883399 0.054559998 0.003900276 0.998406351
1341846314.626096 0.206666186 0.026119480 0.011450458 -0.012371044 0.059555203 0.005378465 0.998133898
1341846314.658455 0.206893221 0.027618965 0.013826779 -0.014095658 0.062339261 0.003844986 0.997948110
1341846314.694004 0.229208753 0.010094844 0.014496629 -0.016004276 0.063804902 0.003080163 0.997829378
1341846314.725910 0.228006601 0.006070911 0.025365938 -0.012470375 0.067497082 0.007266959 0.997615099
1341846314.761942 0.231422111 0.009230674 0.014683113 -0.008503088 0.067861997 0.011418696 0.997593224
1341846314.794030 0.240404621 0.010582572 0.006857268 -0.004964320 0.069816388 0.010800400 0.997489095
1341846314.826092 0.267566115 0.015169494 0.013662598 -0.002746447 0.070936233 0.014983744 0.997364581
1341846314.862145 0.276814491 0.016521763 0.008437399 -0.002637365 0.073962130 0.015067525 0.997143805
1341846314.894072 0.275983751 0.021251824 0.019473424 -0.002193823 0.079017647 0.016094241 0.996740937
1341846314.925969 0.288808614 0.017761460 0.011919651 -0.003102974 0.080327578 0.021729209 0.996526897
1341846314.961937 0.272467792 0.032342207 0.002031752 -0.004064874 0.083579242 0.023944661 0.996205151
1341846314.994564 0.279470265 0.027933534 0.009641512 -0.007820467 0.084027134 0.023177974 0.996163189
1341846315.029900 0.301213264 0.019609731 0.010941107 -0.009387141 0.085478067 0.022761948 0.996035755
1341846315.061965 0.295545161 0.020715257 0.011795590 -0.009917973 0.089273758 0.025790200 0.995623827
1341846315.094388 0.297473341 0.017554924 0.017748596 -0.010054353 0.088317066 0.026816109 0.995680630
1341846315.129851 0.306558788 0.018123439 0.009092834 -0.007979007 0.088083260 0.024844561 0.995771289
1341846315.161941 0.310380131 0.038538709 -0.004906998 -0.007812588 0.088131279 0.026572526 0.995723724
1341846315.197984 0.299045622 0.042077255 0.000037797 -0.013643083 0.088258065 0.021274626 0.995777011
1341846315.230076 0.322440594 0.029462468 -0.002924223 -0.019283999 0.083985321 0.020059925 0.996078432
1341846315.262069 0.324065000 0.031107811 0.006724494 -0.022186486 0.081634581 0.022732394 0.996156037
1341846315.298000 0.333131403 0.025095956 0.027234677 -0.024839342 0.077084243 0.025562752 0.996387303
1341846315.329931 0.340908647 0.013066422 0.024441512 -0.022289015 0.075548224 0.026411526 0.996543109
1341846315.361981 0.351310968 0.017655769 0.020189920 -0.016869206 0.073792554 0.029779527 0.996686220
1341846315.397962 0.362598151 0.017704686 0.019568779 -0.013946536 0.072896533 0.032972187 0.996696770
1341846315.429923 0.369058788 0.020990957 0.015901320 -0.010963882 0.074503034 0.036634628 0.996487379
1341846315.466047 0.383769214 0.023538688 0.009578408 -0.009859385 0.076689832 0.038878273 0.996247947
1341846315.497883 0.367712080 0.026916988 0.015478207 -0.010392043 0.082320072 0.041464061 0.995688796
1341846315.530008 0.370104432 0.024490247 0.011741340 -0.010620368 0.083739072 0.041952603 0.995547533
1341846315.566108 0.372683018 0.027159525 0.011130314 -0.011257966 0.085080765 0.043497849 0.995360494
1341846315.597986 0.372139841 0.024507156 0.013079091 -0.011703422 0.086764328 0.042796895 0.995240390
1341846315.630109 0.377251953 0.021882918 0.010881803 -0.011846319 0.087322727 0.041377123 0.995249927
1341846315.666042 0.381051987 0.028072650 -0.006994363 -0.012095056 0.088783272 0.040869020 0.995138764
1341846315.698114 0.393874943 0.044854704 -0.006517522 -0.014861993 0.090109505 0.041144039 0.994970679
1341846315.733985 0.376541942 0.027000470 0.017392442 -0.020019712 0.095376126 0.041416477 0.994377851
1341846315.766041 0.373560220 0.028077537 0.015516821 -0.019603029 0.093069501 0.043165751 0.994530320
1341846315.798188 0.371758431 0.028258052 0.019895170 -0.020529525 0.092834935 0.041514691 0.994603872
1341846315.834140 0.373181552 0.018944226 0.019924950 -0.020581951 0.094610445 0.040687714 0.994469583
1341846315.866751 0.371290743 0.018605936 0.018977618 -0.018242611 0.096249521 0.040464483 0.994367123
1341846315.898492 0.364089102 0.018829640 0.024216808 -0.016862432 0.097384550 0.039473694 0.994320750
1341846315.936901 0.359902799 0.011532068 0.022076957 -0.014862884 0.099288583 0.038133360 0.994216621
1341846315.966572 0.347219646 0.012942472 0.017819522 -0.011168317 0.102109522 0.036039658 0.994057477
1341846316.034204 0.336663455 0.010964061 0.021297859 -0.007604816 0.102221690 0.034925546 0.994119287
1341846316.066113 0.330220997 0.006601773 0.016760010 -0.005769174 0.102276586 0.034635048 0.994136155
1341846316.101867 0.317613214 0.012720426 0.008943390 -0.003860175 0.101910315 0.036610700 0.994112194
1341846316.134066 0.310799360 0.017943531 0.008993460 -0.003938723 0.098887451 0.033386968 0.994530618
1341846316.202049 0.295701891 0.004361841 0.012003377 -0.004980878 0.094581179 0.029208908 0.995076180
1341846316.233979 0.292551339 0.004797056 0.002054633 -0.004356333 0.093038969 0.027836502 0.995263755
1341846316.270052 0.280373544 0.007261220 0.005346944 -0.005348073 0.095184885 0.023546055 0.995166779
1341846316.301915 0.277188510 0.000230477 0.016496804 -0.005815682 0.095809169 0.023155237 0.995113373
1341846316.334208 0.266089231 -0.002248027 0.008872220 -0.004351176 0.095886871 0.023604026 0.995102823
1341846316.370006 0.273839772 -0.002704424 0.009491636 -0.002099453 0.092923269 0.023592982 0.995391488
1341846316.401994 0.265298039 0.002550201 0.011560756 0.000285397 0.092618048 0.024879593 0.995390832
1341846316.438069 0.260146648 -0.000946300 0.017504757 0.002250876 0.092361815 0.027205696 0.995351255
1341846316.470076 0.253782928 -0.005829259 0.010370318 0.006295909 0.091569439 0.030345568 0.995316327
1341846316.502034 0.240347639 0.008309649 0.002609649 0.009430266 0.089736961 0.032279350 0.995397627
1341846316.537975 0.229120180 0.009946212 -0.001737362 0.007174028 0.087499492 0.028974414 0.995717287
1341846316.570121 0.220150620 -0.002134041 0.005295906 0.005928016 0.087886974 0.025977883 0.995774031
1341846316.601885 0.213791057 -0.006752910 0.003727166 0.007271987 0.087357529 0.025558412 0.995822549
1341846316.638009 0.205083549 -0.006179871 0.002857029 0.009898240 0.086136699 0.027221262 0.995862186
1341846316.669925 0.197024330 -0.009809233 0.001840647 0.011880938 0.085731342 0.026045647 0.995906949
1341846316.705941 0.191967905 -0.015598431 0.005336382 0.015712354 0.085736491 0.027321709 0.995819271
1341846316.738062 0.177751258 -0.008644453 -0.007202439 0.018464787 0.086103201 0.029436724 0.995680094
1341846316.770433 0.166941404 -0.002856629 -0.005197770 0.018039105 0.085608885 0.029262172 0.995735645
1341846316.805932 0.161376491 -0.013838276 0.000538136 0.017658120 0.085766636 0.028645582 0.995746851
1341846316.838029 0.151005074 -0.009284241 -0.005841779 0.019564368 0.084320650 0.030116867 0.995791316
1341846316.870034 0.135468498 -0.014135424 0.001245199 0.019554242 0.082166284 0.030827930 0.995949864
1341846316.906344 0.141522646 -0.015019141 -0.002869828 0.020555191 0.077241763 0.031931121 0.996288955
1341846316.937940 0.139421836 -0.012177825 -0.009279851 0.020733813 0.075491674 0.029486794 0.996494710
1341846316.973994 0.136645809 -0.010961904 -0.003644686 0.020191882 0.073066935 0.027837614 0.996733963
1341846317.005913 0.110253394 -0.014232501 -0.006242641 0.018566584 0.072857194 0.029343231 0.996737778
1341846317.037936 0.112197004 -0.017315622 0.001305349 0.018957248 0.069365099 0.029453700 0.996976256
1341846317.073972 0.098646738 -0.019462705 -0.001339698 0.019996259 0.068757869 0.029113434 0.997008026
1341846317.106113 0.086706750 -0.021680200 0.005874936 0.022199174 0.067984842 0.032379057 0.996913731
1341846317.137887 0.086555727 -0.015448289 0.019197520 0.026330903 0.060505040 0.036296327 0.997160196
1341846317.173970 0.086725913 -0.008601307 0.022251472 0.027971515 0.053110760 0.037695654 0.997484803
1341846317.205887 0.080797270 -0.009067150 0.033994269 0.028174965 0.050310690 0.037901353 0.997616410
1341846317.248131 0.074091434 -0.011422074 0.033929791 0.029093565 0.047565673 0.041534238 0.997580111
1341846317.306289 0.058734387 -0.007219904 0.039925966 0.031270701 0.042121589 0.044430103 0.997634113
1341846317.348137 0.063741326 -0.011565262 0.038867414 0.032176472 0.042068876 0.046671901 0.997505248
1341846317.410120 0.040556550 -0.010930009 0.023270309 0.033610843 0.042178728 0.052988548 0.997137666
1341846317.442569 0.045884199 -0.021896927 0.027179945 0.035262562 0.041172039 0.056620326 0.996923089
1341846317.474010 0.032502700 -0.014607565 0.034039162 0.042062573 0.042358913 0.060005706 0.996411443
1341846317.509927 0.024529334 -0.006957734 0.029988235 0.045379668 0.040242065 0.063991398 0.996105671
1341846317.542282 0.015915750 -0.001134405 0.031432733 0.045262069 0.037586085 0.064324751 0.996193290
1341846317.573943 0.009461324 -0.010603223 0.031879116 0.044041924 0.039001700 0.061379116 0.996379375
1341846317.610159 -0.002152929 -0.021021144 0.030542318 0.045381166 0.041586712 0.061169196 0.996227622
1341846317.643553 -0.014287776 -0.012955986 0.032912139 0.048904069 0.041307867 0.064477399 0.995863855
1341846317.677993 -0.022642413 -0.020979773 0.033677753 0.048918989 0.037970454 0.067569762 0.995790899
1341846317.709996 -0.030241320 -0.023495786 0.029938877 0.051212028 0.035643741 0.066889197 0.995807588
1341846317.741834 -0.044725597 -0.009474693 0.028155932 0.052521892 0.035513613 0.065710962 0.995822430
1341846317.777923 -0.057396866 -0.012724375 0.034745332 0.050511558 0.035156712 0.064363010 0.996027112
1341846317.810021 -0.064296909 -0.014290502 0.036111463 0.050259352 0.033464920 0.063010581 0.996184647
1341846317.841886 -0.074082032 -0.008653979 0.032409891 0.049956709 0.032635819 0.061290398 0.996334672
1341846317.878017 -0.076997340 -0.007694697 0.036460202 0.047473013 0.031922042 0.057290122 0.996717215
1341846317.909910 -0.075695820 -0.014809287 0.038415775 0.045981623 0.032460384 0.054032926 0.996951640
1341846317.946031 -0.088648796 -0.016694803 0.039752178 0.047271788 0.033772115 0.055039678 0.996792614
1341846317.978041 -0.096541904 -0.017901439 0.045619436 0.049317591 0.032550633 0.055462208 0.996710658
1341846318.009897 -0.098654568 -0.017192056 0.043410350 0.051514056 0.032568458 0.053216062 0.996721506
1341846318.045949 -0.112979256 -0.009658299 0.043197721 0.052492555 0.034228526 0.052271839 0.996664762
1341846318.078074 -0.129820496 -0.013822530 0.038952578 0.051276833 0.033465382 0.050404023 0.996850193
1341846318.109894 -0.137262881 -0.013904201 0.040837839 0.051093947 0.029256359 0.048721712 0.997075617
1341846318.145957 -0.141554371 -0.013947638 0.040175233 0.050058629 0.027014462 0.045421623 0.997347176
1341846318.178001 -0.148528501 -0.018054396 0.040990505 0.049204476 0.027246609 0.042740606 0.997501791
1341846318.214074 -0.165715188 -0.020592365 0.047726363 0.049810939 0.026513305 0.041002437 0.997564375
1341846318.245970 -0.175184324 -0.026767170 0.042180747 0.052289236 0.021067267 0.042520225 0.997503936
1341846318.278018 -0.187111065 -0.027278973 0.037783541 0.055981886 0.016895233 0.041802496 0.997413218
1341846318.313937 -0.195115298 -0.023744112 0.048933432 0.058355331 0.010968857 0.042066973 0.997348845
1341846318.345989 -0.201150015 -0.024888936 0.049511068 0.060026925 0.001989971 0.041465975 0.997333169
1341846318.382046 -0.207772523 -0.024437306 0.055426218 0.062009808 -0.005032825 0.039944768 0.997263253
1341846318.414072 -0.219038397 -0.027221467 0.046681177 0.063178688 -0.011179823 0.040699363 0.997109354
1341846318.446035 -0.225694805 -0.030984508 0.044967245 0.065084420 -0.017683256 0.041103367 0.996876061
1341846318.482196 -0.235118091 -0.025538914 0.042836733 0.066888429 -0.019836623 0.040185697 0.996753514
1341846318.514144 -0.240542874 -0.026980296 0.042639792 0.066848710 -0.021524444 0.041745115 0.996657133
1341846318.546259 -0.247732401 -0.033755671 0.039553590 0.067904517 -0.022748254 0.041368045 0.996574283
1341846318.582042 -0.257119149 -0.027004836 0.036877375 0.069780774 -0.022423318 0.040681407 0.996480286
1341846318.614115 -0.269305319 -0.028487138 0.039596148 0.069223195 -0.022262789 0.040359732 0.996535838
1341846318.650038 -0.275369465 -0.027017299 0.044731013 0.069069274 -0.022880567 0.037002668 0.996662855
1341846318.682350 -0.288474828 -0.025557565 0.039891221 0.068700135 -0.022706965 0.034829166 0.996770620
1341846318.714063 -0.299200982 -0.025236845 0.043325394 0.068446621 -0.023468543 0.033877384 0.996803224
1341846318.749905 -0.302497804 -0.030986277 0.039585888 0.068861216 -0.024126934 0.035747118 0.996693671
1341846318.782036 -0.314776331 -0.030244468 0.036045026 0.070636243 -0.024507394 0.037734598 0.996486843
1341846318.814121 -0.327469051 -0.030949973 0.041659702 0.070700333 -0.029116627 0.036800634 0.996393263
1341846318.850072 -0.336522758 -0.038420256 0.031130146 0.070404522 -0.034977406 0.034634072 0.996303380
1341846318.883516 -0.347063869 -0.042932272 0.027113320 0.073219083 -0.042221218 0.032323536 0.995897353
1341846318.918047 -0.369665802 -0.038987331 0.025415208 0.076626062 -0.052795097 0.032172300 0.995141208
1341846318.950044 -0.366114557 -0.047633946 0.018070431 0.077655487 -0.063821271 0.030162793 0.994478106
1341846318.982028 -0.374440700 -0.040477198 0.020610716 0.079789214 -0.067630954 0.026233058 0.994168818
1341846319.018123 -0.391711771 -0.040816408 0.011957382 0.079358667 -0.072731137 0.026531361 0.993835270
1341846319.050745 -0.389414847 -0.046945352 0.017893879 0.080406882 -0.079384498 0.025307154 0.993273616
1341846319.081905 -0.385592818 -0.042285666 0.017302997 0.086455308 -0.080041751 0.024983501 0.992720842
1341846319.117976 -0.407423019 -0.037911769 0.016446406 0.088934079 -0.078408077 0.027982729 0.992552221
1341846319.150093 -0.413072437 -0.042089108 0.017115638 0.090459391 -0.083074726 0.035522990 0.991793275
1341846319.186069 -0.400043905 -0.023431748 0.024857350 0.093496054 -0.085748039 0.035752423 0.991275787
1341846319.218149 -0.403893501 -0.004980999 0.015826652 0.090995610 -0.080472954 0.033523757 0.992028236
1341846319.250034 -0.417802781 -0.013967622 0.011925998 0.084477097 -0.073415779 0.032799304 0.993175745
1341846319.286594 -0.433580488 -0.026619319 0.017574664 0.082127415 -0.070310339 0.035733256 0.993496239
1341846319.318034 -0.439242721 -0.020050300 0.039347958 0.083404653 -0.070233330 0.040042400 0.993230879
1341846319.350268 -0.449941218 -0.028547101 0.024665438 0.083024643 -0.069276862 0.046927262 0.993028462
1341846319.386163 -0.458103180 -0.031703200 0.032869123 0.083815619 -0.074293852 0.057052616 0.992068768
1341846319.418386 -0.461565256 -0.029153218 0.004079793 0.085599706 -0.079040445 0.056015939 0.991608560
1341846319.453961 -0.467771947 -0.024269376 0.009246982 0.086719260 -0.080702610 0.051811200 0.991606057
1341846319.486271 -0.483694494 -0.021675900 0.009880418 0.085795633 -0.080714241 0.051696468 0.991691470
1341846319.554083 -0.499265492 -0.027339749 0.021774312 0.080527790 -0.086886376 0.049819909 0.991707623
1341846319.586296 -0.511709929 -0.029165193 0.025388064 0.080629870 -0.086259209 0.046662569 0.991907656
1341846319.622031 -0.528318048 -0.028290199 0.020607501 0.079260983 -0.089422025 0.044369224 0.991843104
1341846319.653962 -0.532390356 -0.035693914 0.038674973 0.078109287 -0.095028318 0.043419257 0.991455138
1341846319.686352 -0.540361583 -0.037389636 0.030766740 0.079676874 -0.098572463 0.045241497 0.990902781
1341846319.721992 -0.547578275 -0.028549209 0.028363245 0.081011496 -0.102573380 0.046260964 0.990341246
1341846319.754063 -0.548786402 -0.016789835 0.027615611 0.078527465 -0.105245948 0.046206020 0.990263522
1341846319.786397 -0.554736793 -0.019354289 0.041483678 0.074053921 -0.105444267 0.049742926 0.990415692
1341846319.822008 -0.562339127 -0.020529231 0.029911604 0.070581555 -0.105719417 0.053737193 0.990431249
1341846319.853917 -0.565129399 -0.018404795 0.031113459 0.065733269 -0.106858969 0.058014210 0.990401268
1341846319.889942 -0.570459187 -0.029920299 0.042622779 0.061935797 -0.107521728 0.062854454 0.990278959
1341846319.922039 -0.585601866 -0.036193207 0.035732612 0.061406542 -0.111005373 0.064166509 0.989843309
1341846319.953946 -0.575223207 -0.039937217 0.045768723 0.061803091 -0.118299447 0.061512470 0.989142060
1341846319.990054 -0.574216127 -0.038626947 0.043024864 0.064624161 -0.121213272 0.054027505 0.989046037
1341846320.028122 -0.582211912 -0.039568596 0.040085383 0.066624671 -0.124195322 0.052387048 0.988631546
1341846320.090047 -0.563573837 -0.028915687 0.039701756 0.072609678 -0.132549137 0.052575912 0.987114191
1341846320.122011 -0.554622829 -0.024461349 0.046896946 0.073680870 -0.130936980 0.053585019 0.987195730
1341846320.157952 -0.547804952 -0.028166540 0.045852706 0.073531769 -0.128234833 0.054225527 0.987526476
1341846320.190003 -0.536001921 -0.036014851 0.030371580 0.075858787 -0.124733783 0.050967008 0.987972319
1341846320.221941 -0.533547282 -0.035298422 0.029611681 0.079968005 -0.120889828 0.051964935 0.988074124
1341846320.258015 -0.518096685 -0.039738804 0.037383880 0.083774619 -0.121002391 0.054978147 0.987581730
1341846320.289887 -0.507685304 -0.048422117 0.030986339 0.088486150 -0.121751964 0.056355767 0.987000883
1341846320.321954 -0.497857690 -0.042771205 0.043537654 0.098102488 -0.123192444 0.055383235 0.985967696
1341846320.357890 -0.483239204 -0.037573677 0.027449664 0.103228025 -0.122583337 0.055555876 0.985510528
1341846320.390064 -0.460513383 -0.036767136 0.018958608 0.104670078 -0.119797342 0.056584924 0.985642433
1341846320.426544 -0.443591595 -0.037309483 0.045781806 0.107569531 -0.113168389 0.053252608 0.986299098
1341846320.458122 -0.431971312 -0.035388913 0.051777601 0.108501419 -0.106208213 0.051471487 0.987065315
1341846320.490186 -0.423541963 -0.038191270 0.048474248 0.112363108 -0.098802559 0.049133353 0.987521410
1341846320.525911 -0.407280087 -0.040561527 0.030832453 0.115131833 -0.091159396 0.047676150 0.988008976
1341846320.558091 -0.399575323 -0.038401388 0.018490769 0.116115846 -0.087020203 0.043705277 0.988450527
1341846320.594093 -0.378744423 -0.041050427 0.038862474 0.117393300 -0.082989313 0.040157311 0.988796771
1341846320.631955 -0.372731358 -0.036092468 0.035337366 0.120389372 -0.074734010 0.039170749 0.989134431
1341846320.664916 -0.359009773 -0.036156561 0.033582106 0.120415241 -0.072828636 0.037556197 0.989336014
1341846320.699927 -0.338529557 -0.039808057 0.031148601 0.120066121 -0.069834590 0.036579452 0.989630878
1341846320.731822 -0.332345665 -0.035005968 0.034874875 0.122530170 -0.062931463 0.035038326 0.989847660
1341846320.763877 -0.344168901 -0.009933086 0.027322546 0.122006051 -0.060346518 0.035387702 0.990060866
1341846320.799999 -0.315621287 -0.031041974 0.024571193 0.113093890 -0.062923744 0.031317081 0.991095185
1341846320.831871 -0.255814761 -0.040921982 0.017245729 0.114261381 -0.055630546 0.027968058 0.991497576
1341846320.863887 -0.316573828 -0.012028186 0.029696137 0.114856787 -0.042079322 0.026804928 0.992128372
1341846320.900014 -0.302465260 -0.029724360 0.035406094 0.106811941 -0.047763664 0.032581259 0.992596745
1341846320.931889 -0.267181277 -0.041313052 0.032124560 0.107369751 -0.048886146 0.031913031 0.992503643
1341846320.967866 -0.275276661 -0.010074778 0.038744751 0.108826078 -0.042537563 0.028186044 0.992750227
1341846321.000017 -0.272074461 -0.020024063 0.038127534 0.101894476 -0.042051587 0.026443167 0.993554235
1341846321.031860 -0.251997024 -0.031175578 0.031225085 0.099285029 -0.042265359 0.024695924 0.993854225
1341846321.068047 -0.242847666 -0.023041856 0.031725474 0.100243092 -0.038796570 0.022130763 0.993959963
1341846321.099840 -0.238809481 -0.028140968 0.027152577 0.097521380 -0.037394181 0.022771006 0.994270027
1341846321.131821 -0.217445821 -0.035889626 0.036653612 0.097374961 -0.036514878 0.023852978 0.994291663
1341846321.167887 -0.209637523 -0.029573217 0.041774157 0.100564502 -0.032401361 0.024594791 0.994098604
1341846321.200042 -0.208686098 -0.025301475 0.031916704 0.100926548 -0.029582147 0.024252469 0.994158208
1341846321.231950 -0.200672179 -0.034473121 0.031560548 0.099741749 -0.028571818 0.023123913 0.994334280
1341846321.267939 -0.180843741 -0.028939951 0.026781011 0.100515708 -0.027360842 0.018985603 0.994377971
1341846321.299948 -0.172120437 -0.032458249 0.031118838 0.098976865 -0.022896338 0.012571298 0.994746923
1341846321.331858 -0.173117280 -0.038345791 0.030493928 0.098733425 -0.019508511 0.008615929 0.994885385
1341846321.367913 -0.147595510 -0.042515092 0.027566481 0.099981941 -0.018191250 0.004700085 0.994811833
1341846321.399897 -0.146327019 -0.039100055 0.027801452 0.102041498 -0.012469015 0.003142640 0.994697094
1341846321.435994 -0.140917182 -0.043149244 0.035134718 0.103460878 -0.009147524 0.002837942 0.994587421
1341846321.467946 -0.131977618 -0.041970063 0.034218870 0.105316214 -0.006711623 0.003738428 0.994409144
1341846321.499882 -0.115042083 -0.039558981 0.035383951 0.106979966 -0.004320510 0.003896699 0.994244218
1341846321.536109 -0.090392321 -0.030749610 0.024910387 0.107087150 0.000179263 0.001600570 0.994248331
1341846321.568960 -0.107740492 -0.026308339 0.045175940 0.104102708 0.008390421 -0.001460858 0.994530082
1341846321.603938 -0.099578552 -0.031593069 0.036675446 0.100498080 0.010698543 -0.001481511 0.994878650
1341846321.637163 -0.065649442 -0.022812851 0.012888555 0.098374180 0.013455926 -0.001473565 0.995057404
1341846321.668306 -0.081929363 -0.017808789 0.041402131 0.094489731 0.024183109 0.000531635 0.995231926
1341846321.704411 -0.090416193 -0.024929732 0.050682615 0.090612344 0.026149556 0.008892877 0.995503187
1341846321.736861 -0.080481835 -0.021795657 0.056442440 0.089856215 0.023485720 0.016812714 0.995535851
1341846321.771881 -0.065058924 -0.007693851 0.047387250 0.087942243 0.022892136 0.021529535 0.995629787
1341846321.804114 -0.056999672 -0.015115940 0.050219450 0.083156571 0.025020018 0.024530103 0.995920360
1341846321.836152 -0.053745683 -0.005836198 0.053123683 0.080839992 0.027238790 0.024976179 0.996041715
1341846321.871882 -0.050855484 0.007888294 0.063809015 0.076425895 0.028685730 0.021759329 0.996425033
1341846321.904074 -0.043544363 -0.000293568 0.069560871 0.069498584 0.029706676 0.019330841 0.996952295
1341846321.939847 -0.040803574 -0.006536594 0.069037043 0.065063283 0.032902189 0.016353654 0.997204542
1341846322.004094 -0.044743489 -0.009762974 0.072990149 0.058062628 0.030965224 0.015840720 0.997706890
1341846322.066178 -0.026472405 -0.016875478 0.071523316 0.053182472 0.035037477 0.013102460 0.997883976
1341846322.107979 -0.032021116 -0.032855708 0.074176729 0.050269946 0.037568048 0.011538480 0.997962177
1341846322.166164 -0.031226197 -0.053772546 0.076582678 0.053267166 0.037290569 0.011805329 0.997814000
1341846322.202932 -0.024686283 -0.057805106 0.069313861 0.054446429 0.034217499 0.012200737 0.997855723
1341846322.234093 -0.024687916 -0.059785742 0.075869337 0.053578217 0.032816544 0.010100543 0.997973204
1341846322.265941 -0.025634201 -0.072869174 0.069214642 0.050515901 0.029922431 0.010651407 0.998218119
1341846322.301996 -0.018931868 -0.086563714 0.069069870 0.048724301 0.028072452 0.011631643 0.998349965
1341846322.333949 -0.028982570 -0.101388641 0.069187693 0.047549494 0.026810938 0.010868267 0.998449862
1341846322.369871 -0.016385648 -0.116813518 0.070245109 0.048116270 0.020665800 0.008043916 0.998595536
1341846322.402292 -0.004311106 -0.128852025 0.067780033 0.049739398 0.021468746 0.002231091 0.998529017
1341846322.433955 -0.020670351 -0.150957584 0.070193358 0.054292925 0.024374124 -0.001830534 0.998225868
1341846322.470030 -0.018796844 -0.154968485 0.075568914 0.063010782 0.019846337 0.002382259 0.997812748
1341846322.502433 -0.004899350 -0.174140126 0.077699348 0.068215102 0.015829228 0.006124611 0.997526228
1341846322.534002 0.001134636 -0.184372485 0.074441597 0.076778628 0.015321364 0.008252291 0.996896327
1341846322.570196 -0.004216301 -0.199267179 0.069391243 0.086083069 0.015716910 0.008839992 0.996124804
1341846322.601920 -0.014192915 -0.206499726 0.068917155 0.092018999 0.013319156 0.011069135 0.995606720
1341846322.638119 0.004972170 -0.220131963 0.070872411 0.097296707 0.009002366 0.011510989 0.995148122
1341846322.669947 0.014087021 -0.224287242 0.064891450 0.102324300 0.011713565 0.010614247 0.994625509
1341846322.702026 -0.004210840 -0.237943605 0.073152214 0.105075397 0.014715102 0.011395959 0.994290113
1341846322.738006 0.000986516 -0.235311285 0.071734801 0.106634438 0.011746529 0.013270415 0.994140387
1341846322.770087 0.012643062 -0.256597698 0.079664990 0.106177732 0.011740847 0.014162580 0.994176984
1341846322.806047 0.000087514 -0.268461943 0.080997020 0.109711967 0.012474827 0.015590549 0.993762910
1341846322.838063 -0.005606865 -0.272398233 0.080309443 0.111849755 0.008505653 0.017244695 0.993539095
1341846322.870081 0.007305161 -0.286761403 0.079637170 0.113551185 0.002572977 0.018868824 0.993349671
1341846322.906018 0.020633299 -0.293793768 0.084346421 0.118318036 0.000221289 0.018734807 0.992799044
1341846322.938349 0.019854909 -0.275692970 0.085802943 0.119936422 0.001054618 0.020369241 0.992572069
1341846322.970069 0.018288698 -0.281629950 0.085363261 0.115157917 0.001080532 0.021461572 0.993114769
1341846323.011820 0.022721957 -0.299094141 0.088922463 0.112065412 0.001075626 0.022143628 0.993453562
1341846323.073951 0.021228468 -0.296731353 0.090278581 0.109862871 0.000968299 0.026244426 0.993599772
1341846323.105962 0.019716341 -0.318963170 0.086972326 0.106011041 0.001430299 0.025942029 0.994025528
1341846323.138158 0.020847563 -0.318802357 0.094260752 0.107057057 0.001384919 0.022115674 0.994005978
1341846323.174092 0.017285710 -0.319229931 0.095065542 0.105157956 0.001098900 0.021144019 0.994230151
1341846323.206059 0.026601648 -0.326093584 0.093448691 0.102065325 -0.000058875 0.019312141 0.994590282
1341846323.238053 0.030235609 -0.325509101 0.094367407 0.100041658 0.002860245 0.016874786 0.994836092
1341846323.273997 0.010552317 -0.325010657 0.094082087 0.096136108 0.004215286 0.017778911 0.995200515
1341846323.305946 0.020546261 -0.341047317 0.100863598 0.090154216 -0.000406224 0.019116187 0.995744288
1341846323.342027 0.043968547 -0.355588347 0.099974975 0.087754793 -0.000044223 0.018038213 0.995978773
1341846323.374048 0.015465542 -0.360615611 0.103290647 0.088365234 0.005300527 0.018508768 0.995902061
1341846323.405987 0.005582972 -0.374344528 0.096376486 0.087979406 0.001528322 0.024129458 0.995828867
1341846323.441956 0.024618968 -0.383487940 0.105162047 0.089216016 -0.003530887 0.025966989 0.995667517
1341846323.473878 0.028925207 -0.396412492 0.102231830 0.093053468 -0.002278639 0.023999855 0.995369196
1341846323.506129 0.021779023 -0.387903839 0.102176070 0.095974475 -0.002063758 0.021972241 0.995139182
1341846323.541972 0.032850072 -0.390389383 0.095525742 0.094398446 -0.002767166 0.020086395 0.995328009
1341846323.573913 0.054501906 -0.407754660 0.088271014 0.093372546 0.000319305 0.014911301 0.995519519
1341846323.609927 0.038532548 -0.404903203 0.096883290 0.094203107 0.007200773 0.011074331 0.995465398
1341846323.642014 0.025232660 -0.415556639 0.094876729 0.093057342 0.009822019 0.011418098 0.995546877
1341846323.674081 0.023159893 -0.431804210 0.088600270 0.092564955 0.008231834 0.013418105 0.995582223
1341846323.710069 0.025422975 -0.445880890 0.095560476 0.094000325 0.006519389 0.017889207 0.995390058
1341846323.742111 0.022276876 -0.455676824 0.091414496 0.098531947 0.005058202 0.018331675 0.994952202
1341846323.774928 0.022065420 -0.452284485 0.089824460 0.102342650 0.002813354 0.015343296 0.994626939
1341846323.810012 0.030292783 -0.457197458 0.085172549 0.103424713 0.000998518 0.012887289 0.994553268
1341846323.842207 0.030496443 -0.461108297 0.083321743 0.104929067 0.001158145 0.007647324 0.994449615
1341846323.878019 0.022619518 -0.471761554 0.086118422 0.105565950 0.000881219 0.003336922 0.994406343
1341846323.909826 0.026954150 -0.487099618 0.085067198 0.108149223 -0.001035550 -0.000761546 0.994133890
1341846323.942459 0.026537675 -0.482806593 0.083214827 0.112554967 -0.001116591 -0.001172519 0.993644178
1341846323.978055 0.020930445 -0.487344354 0.081673421 0.114687510 -0.003549464 -0.000029101 0.993395269
1341846324.015934 0.028073812 -0.488307744 0.080353595 0.118458092 -0.006086164 0.000374821 0.992940366
