1341846313.592026 0.000000000 0.000000000 0.000000000 -0.000000000 -0.000000000 -0.000000000 1.000000000
1341846313.654184 0.005930672 -0.001678825 0.000042248 -0.000951609 -0.002967073 0.004317377 0.999985814
1341846313.686156 0.016215511 -0.002927939 0.004059779 -0.000184616 -0.005822973 0.004239962 0.999974072
1341846313.721918 0.018416971 0.000409499 -0.008275354 0.000118568 -0.006378315 0.004820406 0.999968052
1341846313.753994 0.026637489 0.002660708 -0.002818310 0.000069589 -0.007130857 0.005925150 0.999957025
1341846313.789969 0.033557914 -0.000335850 0.002033498 0.000538797 -0.007737092 0.003646005 0.999963284
1341846313.822075 0.040609367 0.003869909 -0.001777175 0.000927734 -0.006843772 0.002042536 0.999974072
1341846313.853928 0.049412001 -0.004880775 0.002812753 -0.001200237 -0.004901306 0.001204160 0.999986589
1341846313.890011 0.058033358 0.003102583 -0.000566497 -0.000106982 -0.003668705 0.003326986 0.999987721
1341846313.922055 0.068955995 0.006391418 -0.004408927 -0.001961087 -0.004446679 0.004574591 0.999977708
1341846313.957927 0.099449798 0.001674769 -0.005756357 -0.004936291 -0.003399317 0.000395181 0.999981999
1341846313.990058 0.097312570 0.003549526 -0.009558620 -0.005649979 0.004125418 0.007101920 0.999950290
1341846314.022042 0.104857393 0.019527856 -0.009558743 -0.005832663 0.004981942 0.009053320 0.999929607
1341846314.057816 0.113902643 0.004795157 -0.008965312 -0.011379480 0.007447464 0.009870914 0.999858797
1341846314.089801 0.122479714 -0.003857066 -0.000775807 -0.011678185 0.012470375 0.009534512 0.999808609
1341846314.122037 0.130068719 0.014712562 -0.010958980 -0.010519446 0.015449180 0.014635039 0.999718249
1341846314.157989 0.143757731 0.012810344 0.005228604 -0.012801772 0.017583603 0.015707927 0.999640048
1341846314.190094 0.146532550 0.015900061 0.002708669 -0.012348141 0.021931333 0.015949709 0.999556005
1341846314.225969 0.148773193 0.022723688 0.000549427 -0.014125397 0.024188431 0.019477913 0.999417841
1341846314.257923 0.158213437 0.010538911 0.006055215 -0.017449828 0.025442962 0.020045303 0.999322951
1341846314.290052 0.162444592 0.013493729 0.005845664 -0.015688706 0.026813367 0.018253963 0.999350667
1341846314.325981 0.169002801 0.016977074 -0.004004298 -0.016400188 0.027794929 0.016423497 0.999344170
1341846314.357905 0.183800489 0.011106202 -0.001762953 -0.017800327 0.029559214 0.015665950 0.999281764
1341846314.389899 0.180989772 0.010269882 0.002816108 -0.016322020 0.033393536 0.014654726 0.999201536
1341846314.427905 0.189473063 0.017614394 -0.006873796 -0.015714251 0.034916569 0.012535296 0.999188066
1341846314.493987 0.207612529 0.013909264 0.007135198 -0.014493091 0.043258451 0.005534269 0.998943448
1341846314.526085 0.212571472 0.020598875 -0.003354607 -0.013705574 0.045252346 0.002828189 0.998877585
1341846314.558292 0.223822281 0.017119680 0.003714253 -0.015361003 0.047343876 0.005138130 0.998747349
1341846314.594085 0.242247075 0.008631306 0.002160225 -0.014997566 0.050232925 0.004967205 0.998612583
1341846314.626096 0.239314809 0.019925311 0.002152289 -0.013497254 0.055232577 0.006446423 0.998361468
1341846314.658455 0.239517763 0.021430217 0.004527355 -0.015218334 0.058013786 0.004902408 0.998187780
1341846314.694004 0.259832978 0.008609734 0.007084420 -0.016400605 0.059805736 0.004306183 0.998066008
1341846314.725910 0.265285552 -0.000048394 0.019529169 -0.013469588 0.062571920 0.007541336 0.997921050
1341846314.761942 0.270209730 0.008430948 0.025011584 -0.008711311 0.062494379 0.012499742 0.997929037
1341846314.794030 0.279272676 0.009802223 0.017282473 -0.005171484 0.064453259 0.011900204 0.997836351
1341846314.826092 0.290289223 0.016115133 0.013297926 -0.002634419 0.067783557 0.013904987 0.997599661
1341846314.862145 0.299573392 0.017448271 0.008131558 -0.002522355 0.070810005 0.013989601 0.997388542
1341846314.894072 0.306015730 0.020009408 0.016764160 -0.002468300 0.074921466 0.015709495 0.997062624
1341846314.925969 0.311547816 0.018661527 0.011689812 -0.003002213 0.077177331 0.020650970 0.996798992
1341846314.961937 0.315136254 0.035238013 0.007805868 -0.003993997 0.077868976 0.024567889 0.996652842
1341846314.994564 0.317002922 0.024285162 0.000349292 -0.008533733 0.079146013 0.024284273 0.996530652
1341846315.029900 0.338086069 0.018323883 -0.000763405 -0.009731513 0.080717385 0.022770364 0.996429384
1341846315.061965 0.331165075 0.025102261 0.013827017 -0.009221947 0.084680818 0.024657333 0.996060312
1341846315.094388 0.333031088 0.021929028 0.019792963 -0.009364116 0.083723314 0.025681859 0.996114075
1341846315.129851 0.342197180 0.022488756 0.011222053 -0.007279919 0.083488092 0.023719616 0.996199846
1341846315.161941 0.342488170 0.042842101 0.003848477 -0.007140683 0.084012717 0.024690520 0.996133149
1341846315.197984 0.341236770 0.044363588 0.000349839 -0.013586317 0.082370453 0.021440694 0.996278524
1341846315.230076 0.354305178 0.030982669 -0.003869760 -0.018983848 0.080066524 0.019078830 0.996426105
1341846315.262069 0.355856448 0.032619216 0.005792495 -0.021899031 0.077717394 0.021739041 0.996497810
1341846315.298000 0.365347981 0.027293455 0.021972278 -0.024371235 0.073035233 0.023593035 0.996752381
1341846315.329931 0.372526109 0.014535796 0.023630828 -0.022021640 0.071628541 0.025415540 0.996864319
1341846315.361981 0.382970184 0.019108215 0.019464266 -0.016616760 0.069866240 0.028804233 0.997002006
1341846315.397962 0.394261986 0.019136401 0.018932216 -0.013707545 0.068966508 0.032008119 0.997011125
1341846315.429923 0.401351213 0.023060808 0.010930247 -0.010546187 0.070422433 0.034720380 0.996857047
1341846315.466047 0.416122645 0.025557660 0.004730335 -0.009446832 0.072607145 0.036969930 0.996630430
1341846315.497883 0.408591509 0.029646674 0.008644089 -0.010051911 0.076951325 0.040555764 0.996158957
1341846315.530008 0.411384583 0.028580045 0.013457516 -0.010021425 0.078185350 0.040612470 0.996060908
1341846315.566108 0.413976997 0.031243213 0.012879099 -0.010665933 0.079527803 0.042155363 0.995883822
1341846315.597986 0.413405031 0.028589539 0.014817819 -0.011105303 0.081213117 0.041453324 0.995772421
1341846315.630109 0.418534249 0.025954643 0.012673711 -0.011239543 0.081772678 0.040033177 0.995783269
1341846315.666042 0.422549516 0.032159641 -0.005150034 -0.011483565 0.083234511 0.039524902 0.995679677
1341846315.698114 0.426024437 0.044869777 -0.005924887 -0.014620607 0.086104102 0.036547668 0.995508194
1341846315.733985 0.414617181 0.027724091 0.008932093 -0.019813759 0.090519473 0.039410736 0.994917333
1341846315.766041 0.411658198 0.028813522 0.007027782 -0.019410113 0.088210911 0.041161209 0.995061755
1341846315.798188 0.409814209 0.028999142 0.011388317 -0.020328926 0.087978162 0.039505433 0.995131135
1341846315.834140 0.411200821 0.019679850 0.011427687 -0.020373875 0.089754596 0.038678866 0.995003998
1341846315.866751 0.409318119 0.019349307 0.010461671 -0.018030318 0.091389664 0.038467698 0.994908631
1341846315.898492 0.402066290 0.019598696 0.015629966 -0.016643098 0.092522457 0.037484050 0.994865596
1341846315.936901 0.397872955 0.012318349 0.013445654 -0.014633327 0.094423398 0.036154188 0.994767785
1341846315.966572 0.385237813 0.013779791 0.009064497 -0.010923089 0.097238384 0.034079604 0.994617522
1341846316.034204 0.374640375 0.011840869 0.012438034 -0.007353934 0.097343586 0.032982923 0.994677007
1341846316.066113 0.368225932 0.007505565 0.007835056 -0.005516781 0.097394906 0.032701425 0.994693160
1341846316.101867 0.355719358 0.013676482 -0.000102174 -0.003618229 0.097024620 0.034686394 0.994670808
1341846316.134066 0.348925680 0.018925965 -0.000116588 -0.003686708 0.094000623 0.031460833 0.995068133
1341846316.202049 0.333746821 0.005401666 0.002738489 -0.004716552 0.089694701 0.027275678 0.995584607
1341846316.233979 0.330695868 0.005853401 -0.007240520 -0.004088221 0.088150673 0.025905646 0.995761871
1341846316.270052 0.318495989 0.008363385 -0.004066844 -0.005054733 0.090299919 0.021611057 0.995667279
1341846316.301915 0.315174282 0.001340237 0.007047891 -0.005519217 0.090925448 0.021218196 0.995616376
1341846316.334208 0.304140955 -0.001091886 -0.000686523 -0.004056785 0.091000259 0.021674210 0.995606720
1341846316.370006 0.299637586 -0.005209885 -0.001226017 -0.002481032 0.089599833 0.022706553 0.995715916
1341846316.401994 0.290647268 0.001826777 0.009987060 0.000170593 0.089159101 0.025349379 0.995694757
1341846316.438069 0.285457999 -0.001674761 0.015895026 0.002128098 0.088903911 0.027682276 0.995653212
1341846316.470076 0.279148549 -0.006563458 0.008716409 0.006162569 0.088113502 0.030836152 0.995613992
1341846316.502034 0.265754282 0.007563083 0.000862949 0.009291050 0.086282201 0.032780819 0.995687962
1341846316.537975 0.254555762 0.009189251 -0.003561923 0.007047365 0.084042624 0.029468184 0.996001422
1341846316.570121 0.245548829 -0.002899664 0.003408536 0.005811589 0.084429368 0.026467375 0.996060967
1341846316.601885 0.239204705 -0.007524443 0.001795504 0.007157260 0.083900392 0.026052598 0.996107817
1341846316.638009 0.230502889 -0.006959558 0.000864919 0.009778292 0.082680650 0.027724555 0.996142387
1341846316.669925 0.222454369 -0.010596454 -0.000207534 0.011765254 0.082276069 0.026555849 0.996186256
1341846316.705941 0.217379227 -0.016390519 0.003252817 0.015592210 0.082283318 0.027845174 0.996097922
1341846316.738062 0.203243509 -0.009449475 -0.009384288 0.018337104 0.082651764 0.029969677 0.995958984
1341846316.770433 0.192414552 -0.003671873 -0.007454626 0.017912265 0.082157061 0.029793669 0.996012926
1341846316.805932 0.186820284 -0.014658936 -0.001757817 0.017533345 0.082314596 0.029175766 0.996024966
1341846316.838029 0.176489145 -0.010114426 -0.008209522 0.019435151 0.080869347 0.030653661 0.996063650
1341846316.870034 0.160908252 -0.014980448 -0.001230792 0.019423570 0.078714423 0.031364728 0.996214390
1341846316.906344 0.155710027 -0.014327827 -0.005018150 0.020670637 0.075338379 0.030949950 0.996463239
1341846316.937940 0.153639287 -0.011480967 -0.011435498 0.020852087 0.073587961 0.028505588 0.996663153
1341846316.973994 0.140979946 -0.011096637 -0.004631159 0.020077052 0.072460353 0.028225409 0.996769667
1341846317.005913 0.135745868 -0.015100956 -0.008893657 0.018445458 0.069402218 0.029876834 0.996970654
1341846317.037936 0.126364186 -0.016564598 -0.000954065 0.019069314 0.067462318 0.028468054 0.997133255
1341846317.073972 0.124110378 -0.020342220 -0.004071621 0.019877857 0.065302648 0.029652072 0.997226775
1341846317.106113 0.112122647 -0.022571178 0.003059814 0.022069776 0.064530939 0.032925270 0.997128248
1341846317.137887 0.096634559 -0.019552283 0.006623542 0.025701888 0.058925703 0.035877354 0.997286320
1341846317.173970 0.089093864 -0.015180067 -0.002453283 0.027228210 0.052217584 0.038857829 0.997507930
1341846317.205887 0.083143964 -0.015644660 0.009278794 0.027434664 0.049417764 0.039065685 0.997636735
1341846317.248131 0.076443791 -0.018015401 0.009204603 0.028353041 0.046676207 0.042701166 0.997594118
1341846317.306289 0.061065525 -0.013841545 0.015166078 0.030533770 0.041236509 0.045602694 0.997641027
1341846317.348137 0.066084646 -0.018176503 0.014122697 0.031437546 0.041186430 0.047845233 0.997510016
1341846317.410120 0.048994612 -0.014129617 0.012343786 0.033390384 0.041191764 0.053667419 0.997150004
1341846317.442569 0.039307225 -0.028598949 0.013514567 0.034445655 0.042031594 0.054396860 0.997039557
1341846317.474010 0.025969498 -0.021238731 0.020383365 0.041251693 0.043206580 0.057776183 0.996540725
1341846317.509927 0.018022064 -0.013562290 0.016331824 0.044568021 0.041086126 0.061761614 0.996248543
1341846317.542282 0.009436275 -0.007699048 0.017780323 0.044444896 0.038430803 0.062097430 0.996339142
1341846317.573943 0.002941831 -0.017139025 0.018256284 0.043225035 0.039846390 0.059151128 0.996516407
1341846317.610159 -0.007196843 -0.026519591 0.016872793 0.044764139 0.042225536 0.060180444 0.996288896
1341846317.643553 -0.023213798 -0.015066819 0.022535276 0.048505854 0.042538915 0.063153081 0.995916367
1341846317.677993 -0.031586424 -0.023068937 0.023330556 0.048520558 0.039203044 0.066247284 0.995851457
1341846317.709996 -0.039200999 -0.025569979 0.019613568 0.050809830 0.036873139 0.065565042 0.995871484
1341846317.741834 -0.053654779 -0.011514734 0.017852200 0.052118026 0.036740769 0.064385213 0.995885730
1341846317.777923 -0.066317409 -0.014725812 0.024477039 0.050105445 0.036385909 0.063039728 0.996088088
1341846317.810021 -0.073217846 -0.016273279 0.025862252 0.049849335 0.034693912 0.061688326 0.996245921
1341846317.841886 -0.082998239 -0.010616321 0.022179373 0.049543411 0.033864461 0.059968784 0.996394694
1341846317.878017 -0.090743966 -0.012915585 0.023484090 0.046792980 0.033778150 0.056484714 0.996734142
1341846317.909910 -0.089470699 -0.018496091 0.030656660 0.045571785 0.034109589 0.053997461 0.996917307
1341846317.946031 -0.102419049 -0.020381698 0.032037023 0.046863593 0.035421629 0.055001464 0.996756732
1341846317.978041 -0.110292904 -0.021583363 0.037931100 0.048910189 0.034200341 0.055421274 0.996677816
1341846318.009897 -0.112412818 -0.020876411 0.035728186 0.051102992 0.034217194 0.053171549 0.996689737
1341846318.045949 -0.126738966 -0.013344442 0.035554618 0.052079894 0.035876751 0.052224912 0.996630907
1341846318.078074 -0.144940317 -0.016798405 0.038082160 0.050941911 0.035687726 0.050353002 0.996792793
1341846318.109894 -0.155044362 -0.015906999 0.037056308 0.050812069 0.031820223 0.048063323 0.997043431
1341846318.145957 -0.159339264 -0.015946561 0.036415868 0.049766976 0.029578166 0.044766720 0.997318566
1341846318.178001 -0.166313335 -0.020045420 0.037270561 0.048905972 0.029810019 0.042087737 0.997470915
1341846318.214074 -0.179704323 -0.025749877 0.036788080 0.049409196 0.028551787 0.041894212 0.997491062
1341846318.245970 -0.190978125 -0.030631766 0.042777203 0.051995482 0.023052089 0.042741012 0.997465968
1341846318.278018 -0.202921644 -0.031154735 0.038427092 0.055688150 0.018880846 0.042017575 0.997385025
1341846318.313937 -0.211227119 -0.025794072 0.048739050 0.058125068 0.012967006 0.041567296 0.997359276
1341846318.345989 -0.224033177 -0.027174143 0.049383841 0.059895348 0.004638321 0.041276485 0.997340083
1341846318.382046 -0.230624273 -0.026719246 0.055333752 0.061874010 -0.002385059 0.039751738 0.997289240
1341846318.414072 -0.241936430 -0.029506950 0.046649829 0.063044734 -0.008532295 0.040504724 0.997151911
1341846318.446035 -0.248602033 -0.033270407 0.044972982 0.064951383 -0.015036286 0.040905263 0.996936321
1341846318.482196 -0.254957289 -0.033538807 0.033590920 0.066159710 -0.017258314 0.041604050 0.996791959
1341846318.514144 -0.261550814 -0.030418679 0.038930066 0.066553608 -0.018551739 0.042024381 0.996724844
1341846318.546259 -0.268751949 -0.037203416 0.035891883 0.067608908 -0.019775454 0.041644700 0.996646225
1341846318.582042 -0.278160512 -0.030463645 0.033265024 0.069483019 -0.019450212 0.040952381 0.996552408
1341846318.614115 -0.290329129 -0.031954981 0.036056507 0.068924412 -0.019289920 0.040632296 0.996607423
1341846318.650038 -0.296364427 -0.030486383 0.041225601 0.068760879 -0.019908832 0.037276026 0.996737719
1341846318.682350 -0.309499353 -0.029043043 0.036461532 0.068385229 -0.019736020 0.035103593 0.996845901
1341846318.714063 -0.320205420 -0.028729385 0.039958309 0.068129279 -0.020498028 0.034152899 0.996881068
1341846318.749905 -0.323518753 -0.034485102 0.036243122 0.068549693 -0.021155739 0.036021639 0.996772707
1341846318.782036 -0.341049135 -0.034101665 0.033823758 0.070207216 -0.020814428 0.037743758 0.996600807
1341846318.814121 -0.353742659 -0.034094110 0.036066577 0.070324123 -0.025688473 0.036467299 0.996526361
1341846318.850072 -0.361688614 -0.038556196 0.030035153 0.070398137 -0.031730533 0.034159191 0.996428847
1341846318.883516 -0.369322002 -0.047124937 0.014104880 0.072722100 -0.039841596 0.032203089 0.996035695
1341846318.918047 -0.382399797 -0.041879579 0.011113772 0.076039612 -0.051073365 0.031666227 0.995292306
1341846318.950044 -0.394272596 -0.046366546 0.024394309 0.077628128 -0.059518654 0.028809464 0.994787157
1341846318.982028 -0.404790491 -0.039777085 0.025450857 0.079743594 -0.063097179 0.024576198 0.994512856
1341846319.018123 -0.422142327 -0.040072739 0.016958971 0.079307832 -0.068198264 0.024877341 0.994203389
1341846319.050745 -0.413830191 -0.049487382 0.031779796 0.080210477 -0.075608559 0.024775766 0.993597388
1341846319.081905 -0.415536493 -0.047719505 0.029674096 0.086013816 -0.075667545 0.023618368 0.993135571
1341846319.117976 -0.432007849 -0.037086774 0.030651312 0.089123078 -0.074347816 0.028179115 0.992842078
1341846319.150093 -0.436563045 -0.039587997 0.031472161 0.090828508 -0.079234816 0.035084289 0.992089272
1341846319.186069 -0.427769899 -0.027036738 0.029295182 0.093065396 -0.081611902 0.035268307 0.991682649
1341846319.218149 -0.427272141 -0.006375382 0.025850035 0.091149136 -0.077338465 0.033678927 0.992258191
1341846319.250034 -0.438228011 -0.017380508 0.008021949 0.084123425 -0.070382446 0.032587193 0.993432283
1341846319.286594 -0.455879092 -0.030066190 0.009569374 0.082097955 -0.066472165 0.034309976 0.993812978
1341846319.318034 -0.466199279 -0.029361526 0.015046120 0.082898825 -0.065786235 0.038252093 0.993648231
1341846319.350268 -0.476459473 -0.035086926 0.012481004 0.083008990 -0.065249495 0.045676954 0.993360758
1341846319.386163 -0.487962186 -0.039103057 0.018457696 0.083939008 -0.069895878 0.054903597 0.992499113
1341846319.418386 -0.488852084 -0.037357360 -0.004847766 0.085531436 -0.075028189 0.054637600 0.992002964
1341846319.453961 -0.491798162 -0.032198459 -0.003281333 0.086665660 -0.076789707 0.049763188 0.992026210
1341846319.486271 -0.507705986 -0.029550120 -0.002518407 0.085741542 -0.076799423 0.049652085 0.992111325
1341846319.554083 -0.520287156 -0.030403141 0.014149929 0.080676749 -0.083393924 0.048577238 0.992056966
1341846319.586296 -0.532708645 -0.032205202 0.017853029 0.080768071 -0.082765967 0.045419395 0.992251694
1341846319.622031 -0.551277637 -0.032260008 -0.000864773 0.079212211 -0.085550711 0.042796448 0.992257535
1341846319.653962 -0.555224240 -0.039649434 0.017236419 0.078049608 -0.091157146 0.041852213 0.991890669
1341846319.686352 -0.563262701 -0.041326500 0.009392622 0.079620019 -0.094705269 0.043669280 0.991354942
1341846319.721992 -0.570475817 -0.032468203 0.007044840 0.080953658 -0.098709978 0.044684567 0.990810871
1341846319.754063 -0.571659863 -0.020705942 0.006304161 0.078466013 -0.101379663 0.044639949 0.990743458
1341846319.786397 -0.577505708 -0.023252204 0.020219930 0.074006379 -0.101571269 0.048194546 0.990900397
1341846319.822008 -0.585203290 -0.024410231 0.008709328 0.070549682 -0.101841480 0.052202675 0.990921795
1341846319.853917 -0.587978482 -0.022278417 0.009932965 0.065717094 -0.102974474 0.056499209 0.990901291
1341846319.889942 -0.593245447 -0.033777826 0.021487240 0.061938182 -0.103632323 0.061354823 0.990787387
1341846319.922039 -0.608458638 -0.040013522 0.014719892 0.061409779 -0.107116856 0.062669933 0.990367293
1341846319.953946 -0.598009586 -0.043781843 0.024673566 0.061786484 -0.114414476 0.060016051 0.989691794
1341846319.990054 -0.597021222 -0.042474762 0.021921385 0.064573891 -0.117333099 0.052520320 0.989598334
1341846320.028122 -0.605042577 -0.043396626 0.019046178 0.066564061 -0.120319523 0.050872739 0.989193857
1341846320.090047 -0.586381078 -0.032791395 0.018511033 0.072539270 -0.128686920 0.051040541 0.987710774
1341846320.122011 -0.577361465 -0.028358379 0.025633316 0.073616549 -0.127075732 0.052045066 0.987787247
1341846320.157952 -0.570561588 -0.032081183 0.024535455 0.073473424 -0.124372013 0.052685440 0.988108039
1341846320.190003 -0.558272362 -0.037933711 0.022414470 0.075966567 -0.121225111 0.050305240 0.988434613
1341846320.221941 -0.555822670 -0.037219279 0.021637002 0.080080852 -0.117382415 0.051288314 0.988523126
1341846320.258015 -0.541791677 -0.042947020 0.031108612 0.083700024 -0.117522486 0.055468854 0.987980783
1341846320.289887 -0.529391885 -0.050659180 0.027395437 0.088584490 -0.118537106 0.056253821 0.987389147
1341846320.321954 -0.519751012 -0.043001097 0.041952033 0.098527104 -0.120013468 0.054980304 0.986339867
1341846320.357890 -0.505236566 -0.037796877 0.025772225 0.103653096 -0.119406171 0.055136498 0.985879421
1341846320.390064 -0.486969322 -0.038594753 0.000188018 0.104648039 -0.116271265 0.055575889 0.986124337
1341846320.426544 -0.470737457 -0.041456234 0.022416897 0.107666798 -0.109439559 0.051632941 0.986795306
1341846320.458122 -0.459065974 -0.039564215 0.028321642 0.108600177 -0.102477521 0.049847454 0.987532079
1341846320.490186 -0.441363841 -0.040588025 0.049861282 0.112223960 -0.096441969 0.049801897 0.987737060
1341846320.525911 -0.428151697 -0.042484615 0.035496172 0.115355395 -0.088494942 0.047617014 0.988227904
1341846320.558091 -0.420514017 -0.040318690 0.023113839 0.116327770 -0.084354036 0.043643951 0.988659441
1341846320.594093 -0.393187672 -0.044925474 0.037447482 0.117196940 -0.080675922 0.040585961 0.988994002
1341846320.631955 -0.387197107 -0.039961904 0.033891991 0.120185129 -0.072418205 0.039590050 0.989314795
1341846320.664916 -0.379298866 -0.036419597 0.035851039 0.120584570 -0.069974013 0.037486576 0.989524007
1341846320.699927 -0.348904997 -0.042947255 0.032672271 0.119710438 -0.068303391 0.036782794 0.989773273
1341846320.731822 -0.343651354 -0.036856826 0.037306048 0.122340292 -0.061251726 0.035539094 0.989958644
1341846320.763877 -0.355533093 -0.011804601 0.029777050 0.121814899 -0.058666706 0.035888698 0.990167320
1341846320.799999 -0.326358527 -0.034614682 0.026869390 0.112705082 -0.061581537 0.031352367 0.991222620
1341846320.831871 -0.265102595 -0.039068516 0.029517189 0.114423171 -0.054450624 0.027123265 0.991567850
1341846320.863887 -0.321212918 -0.014657128 0.028530329 0.114450052 -0.040935021 0.026931208 0.992219865
1341846320.900014 -0.313465953 -0.030941721 0.036817338 0.106635615 -0.046454802 0.032338016 0.992685795
1341846320.931889 -0.278193414 -0.042539813 0.033447400 0.107192434 -0.047577620 0.031669304 0.992594182
1341846320.967866 -0.286959618 -0.011161263 0.038940325 0.108619504 -0.041066531 0.027709110 0.992848217
1341846321.000017 -0.283765703 -0.021112917 0.038318172 0.101685233 -0.040577497 0.025976326 0.993649244
1341846321.031860 -0.263103515 -0.031316172 0.040666934 0.099262945 -0.040829699 0.024327250 0.993925571
1341846321.068047 -0.253949046 -0.023186548 0.041139696 0.100218020 -0.037361100 0.021760494 0.994025648
1341846321.099840 -0.246840641 -0.026472999 0.038091246 0.097496077 -0.036227521 0.022816630 0.994314611
1341846321.131821 -0.227957606 -0.037448570 0.039850164 0.097198509 -0.035198420 0.023760008 0.994358599
1341846321.167887 -0.220136195 -0.031129584 0.044947494 0.100388959 -0.031084919 0.024496755 0.994160831
1341846321.200042 -0.214242414 -0.024319602 0.041156787 0.101052180 -0.028716290 0.024075886 0.994175136
1341846321.231950 -0.206230700 -0.033492524 0.040784523 0.099866472 -0.027705580 0.022948464 0.994350255
1341846321.267939 -0.186409786 -0.027961690 0.035971195 0.100636907 -0.026494192 0.018809602 0.994392514
1341846321.299948 -0.177679449 -0.031482399 0.040292881 0.099092819 -0.022028541 0.012397106 0.994757116
1341846321.331858 -0.178678378 -0.037369635 0.039668463 0.098846190 -0.018640149 0.008442304 0.994892299
1341846321.367913 -0.153162539 -0.041542634 0.036695093 0.100091368 -0.017322639 0.004525509 0.994817197
1341846321.399897 -0.151893049 -0.038127866 0.036928561 0.102150001 -0.011600512 0.002966872 0.994696915
1341846321.435994 -0.146470964 -0.042179551 0.044251401 0.103569396 -0.008279205 0.002661289 0.994584203
1341846321.467946 -0.137532830 -0.041001689 0.043320034 0.105425708 -0.005843723 0.003560413 0.994403660
1341846321.499882 -0.120594852 -0.038593721 0.044455752 0.107089765 -0.003452911 0.003717487 0.994236410
1341846321.536109 -0.091853514 -0.029230958 0.030743474 0.107174188 0.000465587 0.001569914 0.994238913
1341846321.568960 -0.109190002 -0.024793226 0.051019792 0.104188882 0.008677092 -0.001489939 0.994518578
1341846321.603938 -0.100417256 -0.028211765 0.051026430 0.100816876 0.010960079 -0.001409227 0.994843662
1341846321.637163 -0.061940804 -0.020291982 0.036620356 0.098612763 0.013422383 -0.001565820 0.995034099
1341846321.668306 -0.078221142 -0.015298313 0.065135516 0.094729356 0.024149468 0.000441825 0.995210052
1341846321.704411 -0.092664354 -0.023606483 0.062231049 0.090739094 0.026556911 0.008890260 0.995480835
1341846321.736861 -0.082725488 -0.020473223 0.067983560 0.089986280 0.023892080 0.016810073 0.995514452
1341846321.771881 -0.067310855 -0.006368198 0.058919311 0.088074259 0.023297889 0.021527603 0.995608687
1341846321.804114 -0.059248827 -0.013790489 0.061743088 0.083289780 0.025425363 0.024530394 0.995898902
1341846321.836152 -0.055993054 -0.004511267 0.064646982 0.080973342 0.027644059 0.024977693 0.996019721
1341846321.871882 -0.056280620 0.007038530 0.065727152 0.076381885 0.029428860 0.021761397 0.996406615
1341846321.904074 -0.047500826 -0.000873406 0.070000410 0.069400012 0.030216090 0.019225458 0.996945858
1341846321.939847 -0.044761401 -0.007116914 0.069475159 0.064963378 0.033411700 0.016250174 0.997195780
1341846322.004094 -0.050152928 -0.010610928 0.074901313 0.058014039 0.031707846 0.015856318 0.997686088
1341846322.066178 -0.031883150 -0.017721392 0.073408268 0.053131603 0.035779770 0.013121441 0.997860074
1341846322.107979 -0.035977170 -0.033436056 0.074611656 0.050167788 0.038078398 0.011442032 0.997949064
1341846322.166164 -0.035182558 -0.054352470 0.077021420 0.053165141 0.037800677 0.011707384 0.997801363
1341846322.202932 -0.030095352 -0.058651056 0.071200967 0.054394946 0.034959797 0.012218833 0.997832537
1341846322.234093 -0.030087037 -0.060630929 0.077756666 0.053525258 0.033558756 0.010119373 0.997951150
1341846322.265941 -0.031041592 -0.073715255 0.071104899 0.050463509 0.030664671 0.010672685 0.998198032
1341846322.301996 -0.024337828 -0.087408997 0.070951827 0.048672743 0.028814739 0.011654360 0.998331010
1341846322.333949 -0.034386545 -0.102235131 0.071086243 0.047497440 0.027553186 0.010891936 0.998431861
1341846322.369871 -0.021786204 -0.117658362 0.072126821 0.048062492 0.021408025 0.008067541 0.998582304
1341846322.402292 -0.009713862 -0.129695699 0.069645293 0.049681276 0.022210680 0.002253459 0.998515606
1341846322.433955 -0.025997665 -0.152139083 0.066593699 0.054221638 0.024935747 -0.002165102 0.998215199
1341846322.470030 -0.024120353 -0.156150296 0.071967728 0.062940598 0.020405419 0.002043116 0.997806549
1341846322.502433 -0.010231972 -0.175329983 0.074085027 0.068145901 0.016386865 0.005782854 0.997524023
1341846322.534002 -0.001136150 -0.186499462 0.080935225 0.076519929 0.015535891 0.008446335 0.996911228
1341846322.570196 -0.006482700 -0.201399028 0.075894661 0.085824609 0.015933428 0.009031941 0.996141911
1341846322.601920 -0.016456408 -0.208636090 0.075428225 0.091761626 0.013537414 0.011260424 0.995625317
1341846322.638119 0.002840239 -0.222022459 0.079431929 0.096739009 0.009209090 0.011759006 0.995197713
1341846322.669947 0.011955257 -0.226179495 0.073452450 0.101765983 0.011921059 0.010859725 0.994677663
1341846322.702026 -0.001016124 -0.239352643 0.074577935 0.104357801 0.014478996 0.012401395 0.994357109
1341846322.738006 0.004177033 -0.236712068 0.073160455 0.105919212 0.011513334 0.014278335 0.994205594
1341846322.770087 0.015783127 -0.260018587 0.076755561 0.105153061 0.011383590 0.014699285 0.994282305
1341846322.806047 0.003238449 -0.271892816 0.078101061 0.108686723 0.012120989 0.016127806 0.993871331
1341846322.838063 -0.003105847 -0.272983283 0.082526088 0.111461312 0.008242209 0.017326061 0.993583560
1341846322.870081 0.006599116 -0.287445307 0.085242704 0.113063470 0.002505289 0.019029081 0.993402421
1341846322.906018 0.019928491 -0.294469029 0.089961387 0.117830954 0.000154311 0.018896580 0.992853880
1341846322.938349 0.019485891 -0.277326077 0.092405677 0.119465508 0.001153054 0.020720148 0.992621481
1341846322.970069 0.017923910 -0.283264637 0.091971770 0.114686772 0.001177793 0.021812879 0.993161500
1341846323.011820 0.022370055 -0.300722241 0.095547192 0.111594133 0.001172114 0.022495201 0.993498564
1341846323.073951 0.020874992 -0.298359245 0.096901178 0.109391764 0.001065950 0.026596203 0.993642271
1341846323.105962 0.019378552 -0.320595264 0.093616165 0.105539545 0.001526440 0.026293918 0.994066238
1341846323.138158 0.020510321 -0.320426673 0.100904346 0.106585413 0.001479618 0.022467529 0.994048595
1341846323.174092 0.016948855 -0.320856065 0.101709858 0.104686260 0.001192465 0.021496179 0.994272232
1341846323.206059 0.026269579 -0.327714562 0.100098692 0.101593792 0.000032725 0.019665124 0.994631588
1341846323.238053 0.029903201 -0.327126622 0.101016521 0.099568851 0.002949970 0.017226566 0.994877219
1341846323.273997 0.010219534 -0.326642603 0.100732535 0.095662676 0.004304052 0.018130356 0.995239377
1341846323.305946 0.020225625 -0.342665613 0.107528359 0.089682251 -0.000318947 0.019470293 0.995780051
1341846323.342027 0.045815043 -0.357973486 0.104684062 0.087255768 -0.000269496 0.018177973 0.996020079
1341846323.374048 0.017428219 -0.363672793 0.106801666 0.087729566 0.005096543 0.018943634 0.995951176
1341846323.405987 0.007560624 -0.377418667 0.099899821 0.087343924 0.001327746 0.024566572 0.995874345
1341846323.441956 0.026463268 -0.385173380 0.107082821 0.088669702 -0.003756539 0.026369579 0.995704889
1341846323.473878 0.029615853 -0.397203743 0.105403952 0.092800461 -0.002347041 0.024053756 0.995391428
1341846323.506129 0.022468893 -0.388695836 0.105342761 0.095721684 -0.002132518 0.022026312 0.995162129
1341846323.541972 0.033541225 -0.391183704 0.098695420 0.094145805 -0.002836490 0.020140527 0.995350659
1341846323.573913 0.055598207 -0.409813553 0.089665599 0.092896454 0.000232769 0.015027865 0.995562375
1341846323.609927 0.039626442 -0.406957299 0.098271877 0.093726680 0.007112501 0.011187693 0.995509684
1341846323.642014 0.026329262 -0.417615533 0.096272662 0.092580572 0.009733777 0.011530101 0.995590866
1341846323.674081 0.021308832 -0.429655075 0.101382263 0.092573084 0.008266966 0.013449881 0.995580733
1341846323.710069 0.027579358 -0.447121501 0.098392367 0.093670040 0.006349814 0.017920351 0.995421767
1341846323.742111 0.024435056 -0.456920296 0.094251707 0.098201744 0.004888924 0.018364092 0.994985104
1341846323.774928 0.024224054 -0.453529000 0.092659369 0.102013126 0.002643217 0.015377125 0.994660735
1341846323.810012 0.029992893 -0.456019193 0.086281024 0.103475027 0.001122479 0.012799745 0.994549036
1341846323.842207 0.030195478 -0.459929883 0.084429786 0.104978696 0.001282236 0.007559597 0.994444907
1341846323.878019 0.022317719 -0.470582187 0.087227516 0.105614975 0.001005468 0.003249098 0.994401276
1341846323.909826 0.027978038 -0.484062523 0.083494157 0.108318299 -0.001061403 -0.000778922 0.994115412
1341846323.942459 0.023054939 -0.483468473 0.083055705 0.112571992 -0.000819663 -0.001529868 0.993642092
1341846323.978055 0.017443758 -0.488002539 0.081517898 0.114704140 -0.003253325 -0.000387128 0.993394315
1341846324.015934 0.024585620 -0.488970548 0.080193251 0.118474014 -0.005791398 0.000015631 0.992940247
