1.000000000 0.000000000 0.000000000 0.000000000 0.000000000 1.000000000 0.000000000 0.000000000 0.000000000 0.000000000 1.000000000 0.000000000
0.999945104 -0.008628985 -0.005942279 0.005930672 0.008640278 0.999960899 0.001877571 -0.001678825 0.005925845 -0.001928811 0.999980569 0.000042248
0.999896228 -0.008477555 -0.011647210 0.016215511 0.008481856 0.999963999 0.000319843 -0.002927939 0.011644078 -0.000418600 0.999932110 0.004059779
0.999872148 -0.009642016 -0.012755080 0.018416971 0.009638991 0.999953508 -0.000298622 0.000409499 0.012757366 0.000175637 0.999918580 -0.008275354
0.999828100 -0.011850783 -0.014260276 0.026637489 0.011848797 0.999929786 -0.000223675 0.002660708 0.014261925 0.000054669 0.999898314 -0.002818310
0.999853671 -0.007300080 -0.015469686 0.033557914 0.007283404 0.999972820 -0.001133973 -0.000335850 0.015477545 0.001021135 0.999879718 0.002033498
0.999897957 -0.004097666 -0.013683400 0.040609367 0.004072268 0.999989927 -0.001883377 0.003869909 0.013690979 0.001827463 0.999904633 -0.001777175
0.999949038 -0.002396523 -0.009805371 0.049412001 0.002420054 0.999994218 0.002388637 -0.004880775 0.009799589 -0.002412245 0.999949098 0.002812753
0.999923289 -0.008028466 -0.009429269 0.063642278 0.008014776 0.999966800 -0.001488717 0.008073920 0.009440908 0.001413029 0.999954462 0.002471182
0.999892890 -0.011001886 -0.009653907 0.071445264 0.011017988 0.999938011 0.001616370 0.011877005 0.009635525 -0.001722564 0.999952078 -0.003499945
0.999902129 -0.011952847 -0.007274419 0.101661734 0.011994757 0.999911547 0.005745082 0.012610892 0.007205105 -0.005831774 0.999957025 0.010120723
0.999745727 -0.015157552 0.016696414 0.069283038 0.015032763 0.999858320 0.007574319 0.015053774 -0.016808858 -0.007321400 0.999831915 0.019081485
0.999772966 -0.017095150 0.012716813 0.093539253 0.016961040 0.999800146 0.010580201 0.022353319 -0.012895143 -0.010362109 0.999863148 0.003184477
0.999649346 -0.021546513 0.015391907 0.110459767 0.021244623 0.999583840 0.019514902 0.014418136 -0.015805978 -0.019181063 0.999691069 0.001485236
0.999442220 -0.016061911 0.029279234 0.105820879 0.015495249 0.999690175 0.019478979 0.008526592 -0.029583031 -0.019014424 0.999381483 0.007118000
0.999036789 -0.026281267 0.035139941 0.113427177 0.025683522 0.999519467 0.017355094 0.027111329 -0.035579167 -0.016435860 0.999231696 -0.003024619
0.998824060 -0.030260621 0.037878670 0.131215572 0.029344210 0.999268591 0.024519963 0.016540002 -0.038592957 -0.023379611 0.998981476 0.007654691
0.998389661 -0.030215317 0.048011974 0.129564703 0.029131951 0.999308467 0.023106420 0.022182466 -0.048676938 -0.021670530 0.998579443 0.009059956
0.997962713 -0.039457366 0.050135504 0.138289273 0.038145676 0.998911262 0.026856050 0.029375004 -0.051140588 -0.024888884 0.998381257 0.009541712
0.997639656 -0.037498683 0.057524033 0.131764263 0.035598159 0.998797297 0.033715412 0.016562220 -0.058719128 -0.031588085 0.997774661 0.017671321
0.997601569 -0.033846777 0.060377821 0.136004686 0.032070819 0.999030888 0.030144803 0.019501826 -0.061339617 -0.028136138 0.997720301 0.017436879
0.997593522 -0.030268965 0.062377222 0.142504111 0.028345509 0.999101937 0.031493645 0.022980643 -0.063274480 -0.029649744 0.997555614 0.007546438
0.997407973 -0.028913964 0.065888882 0.157295823 0.026696470 0.999055266 0.034290690 0.017050775 -0.066818118 -0.032442804 0.997237563 0.009668678
0.996923923 -0.026906019 0.073612213 0.154515326 0.024652073 0.999204159 0.031358432 0.016215673 -0.074397355 -0.029447276 0.996793807 0.014266372
0.996919453 -0.027904788 0.073300488 0.172858745 0.025787598 0.999226928 0.029673193 0.025939152 -0.074071847 -0.027691539 0.996868372 0.013720069
0.995639086 -0.012503142 0.092447363 0.184701070 0.009958588 0.999560118 0.027934643 0.017787108 -0.092755966 -0.026892176 0.995325625 0.020210302
0.995307267 -0.007074556 0.096505880 0.189594656 0.004571123 0.999647915 0.026137196 0.024492657 -0.096656814 -0.025573399 0.994989157 0.009700008
0.994806588 -0.010202542 0.101270810 0.198068157 0.007239904 0.999536216 0.029579172 0.021311993 -0.101525620 -0.028692363 0.994419098 0.013790821
0.994015992 -0.009303077 0.108837798 0.209571525 0.006273164 0.999584079 0.028148144 0.014818592 -0.109054402 -0.027296949 0.993660927 0.011409794
0.992848516 -0.012210376 0.118755057 0.206666186 0.009263336 0.999636054 0.025336547 0.026119480 -0.119021207 -0.024055285 0.992600262 0.011450458
0.992198050 -0.009431619 0.124314301 0.206893221 0.005916768 0.999573052 0.028612858 0.027618965 -0.124531098 -0.027654083 0.991830230 0.013826779
0.991838872 -0.008189257 0.127234221 0.229208753 0.004104652 0.999468744 0.032332134 0.010094844 -0.127431393 -0.031546015 0.991345584 0.014496629
0.990782678 -0.016182683 0.134490967 0.228006601 0.012815828 0.999583364 0.025862265 0.006070911 -0.134853452 -0.023900270 0.990577281 0.025365938
0.990528703 -0.023936499 0.135203138 0.231422111 0.021628354 0.999594629 0.018515037 0.009230674 -0.135591522 -0.015415455 0.990644872 0.014683113
0.990018070 -0.022239743 0.139174938 0.240404621 0.020853380 0.999717414 0.011411799 0.010582572 -0.139389396 -0.008395620 0.990202069 0.006857268
0.989487052 -0.030278157 0.141416267 0.267566115 0.029498868 0.999535918 0.007604199 0.015169494 -0.141580865 -0.003352637 0.989921033 0.013662598
0.988605142 -0.030439110 0.147422269 0.276814491 0.029658848 0.999532044 0.007488517 0.016521763 -0.147581235 -0.003030812 0.989045322 0.008437399
0.986994386 -0.032430280 0.157449633 0.275983751 0.031736877 0.999472320 0.006916804 0.021251824 -0.157590866 -0.001829887 0.987502813 0.019473424
0.986150622 -0.043805990 0.159962326 0.288808614 0.042808976 0.999036431 0.009675303 0.017761460 -0.160232037 -0.002693485 0.987075686 0.011919651
0.984882355 -0.048387066 0.166329473 0.272467792 0.047028109 0.998820245 0.012101450 0.032342207 -0.166718811 -0.004096343 0.985995948 0.002031752
0.984804451 -0.047492351 0.167046949 0.279470265 0.044863824 0.998803258 0.019476080 0.027933534 -0.167772010 -0.011685766 0.985756576 0.009641512
0.984350801 -0.046948217 0.169851094 0.301213264 0.043738641 0.998787522 0.022591151 0.019609731 -0.170705765 -0.014808562 0.985210776 0.010941107
0.982730150 -0.053125501 0.177254587 0.295545161 0.049583845 0.998472989 0.024353916 0.020715257 -0.178277731 -0.015144365 0.983863652 0.011795590
0.982962012 -0.055176504 0.175331935 0.297473341 0.051624618 0.998359621 0.024758488 0.017554924 -0.176410422 -0.015285209 0.984198034 0.017748596
0.983248174 -0.050884634 0.175025091 0.306558788 0.048073366 0.998638153 0.020267311 0.018123439 -0.175818041 -0.011513751 0.984355330 0.009092834
0.983053565 -0.054294858 0.175093606 0.310380131 0.051540721 0.998465717 0.020242101 0.038538709 -0.175924018 -0.010874618 0.984343708 -0.004906998
0.983515799 -0.044777792 0.175190195 0.299045622 0.039961342 0.998722494 0.030926252 0.042077255 -0.176351205 -0.023415623 0.984048784 0.000037797
0.985088110 -0.043201663 0.166538268 0.322440594 0.036723368 0.998451471 0.041786231 0.029462468 -0.168085605 -0.035047270 0.985149205 -0.002924223
0.985638082 -0.048912391 0.161632851 0.324065000 0.041667655 0.997982025 0.047913902 0.031107811 -0.163650259 -0.040490903 0.985687137 0.006724494
0.986809134 -0.054770246 0.152341604 0.333131403 0.047111362 0.997459114 0.053440180 0.025095956 -0.154881448 -0.045558240 0.986882031 0.027234677
0.987189770 -0.056008242 0.149396747 0.340908647 0.049272656 0.997611284 0.048414618 0.013066422 -0.151751488 -0.040433243 0.987591326 0.024441512
0.987335682 -0.061851334 0.146091327 0.351310968 0.056872044 0.997657239 0.038021624 0.017655769 -0.148100749 -0.029231593 0.988540173 0.020189920
0.987197876 -0.067759849 0.144391775 0.362598151 0.063693233 0.997436643 0.032608051 0.017704686 -0.146231174 -0.022993818 0.988983154 0.019568779
0.986214399 -0.074645571 0.147679344 0.369058788 0.071378209 0.997075379 0.027309522 0.020990957 -0.149285987 -0.016391959 0.988658190 0.015901320
0.985214293 -0.078977026 0.152037546 0.383769214 0.075952567 0.996782541 0.025607921 0.023538688 -0.153570816 -0.013681647 0.988042951 0.009578408
0.983008265 -0.084281541 0.163068548 0.367712080 0.080859654 0.996345460 0.027521130 0.026916988 -0.164792135 -0.013867833 0.986230850 0.015478207
0.982455492 -0.085310295 0.165841356 0.370104432 0.081752941 0.996254385 0.028172305 0.024490247 -0.167623565 -0.014120018 0.985749960 0.011741340
0.981738389 -0.088507749 0.168392673 0.372683018 0.084676407 0.995962381 0.029813129 0.027159525 -0.170351461 -0.015009809 0.985269070 0.011130314
0.981280744 -0.087217279 0.171700984 0.372139841 0.083155520 0.996062934 0.030721925 0.024507156 -0.173704475 -0.015868951 0.984669983 0.013079091
0.981325328 -0.084430069 0.172835544 0.377251953 0.080292255 0.996295214 0.030806422 0.021882918 -0.174796209 -0.016353771 0.984468818 0.010881803
0.980894506 -0.083488367 0.175714716 0.381051987 0.079193018 0.996366858 0.031329490 0.028072650 -0.177691981 -0.016815547 0.983942509 -0.006994363
0.980374873 -0.084552646 0.178089663 0.393874943 0.079195812 0.996172607 0.036989432 0.044854704 -0.180535600 -0.022159554 0.983318806 -0.006517522
0.978376150 -0.086186059 0.188021526 0.376541942 0.078548454 0.995767772 0.047714602 0.027000470 -0.191338107 -0.031914029 0.981005192 0.017392442
0.978949547 -0.089508191 0.183428526 0.373560220 0.082210407 0.995504856 0.047026441 0.028077537 -0.186813235 -0.030956782 0.981907606 0.015516821
0.979316413 -0.086393058 0.182963416 0.371758431 0.078769624 0.995710135 0.048545517 0.028258052 -0.186372533 -0.033129461 0.981920421 0.019895170
0.978786767 -0.084819928 0.186499566 0.373181552 0.077030852 0.995841801 0.048635215 0.018944226 -0.189849287 -0.033237286 0.981250525 0.019924950
0.978197336 -0.083984785 0.189938352 0.371290743 0.076961420 0.996059656 0.044069078 0.018605936 -0.192891076 -0.028490331 0.980806470 0.018977618
0.977916181 -0.081783310 0.192331716 0.364089102 0.075214744 0.996314943 0.041221589 0.018829640 -0.194994196 -0.025845075 0.980463803 0.024216808
0.977375269 -0.078777067 0.196295172 0.359902799 0.072874211 0.996649861 0.037126269 0.011532068 -0.198562264 -0.021981439 0.979841769 0.022076957
0.976549566 -0.073931769 0.202200457 0.347219646 0.069370195 0.997152805 0.029563881 0.012942472 -0.203810468 -0.014843914 0.978897810 0.017819522
0.976661861 -0.070995077 0.202709898 0.336663455 0.067885563 0.997444749 0.022260485 0.010964061 -0.203772321 -0.007979890 0.978985786 0.021297859
0.976679802 -0.070044011 0.202954069 0.330220997 0.067683801 0.997534275 0.018555399 0.006601773 -0.203753337 -0.004385980 0.979012430 0.016760010
0.976547897 -0.073577069 0.202337936 0.317613214 0.072003506 0.997289538 0.015136909 0.012720426 -0.202903226 -0.000212878 0.979198754 0.008943390
0.978213191 -0.067187704 0.196430191 0.310799360 0.065629743 0.997739613 0.014437465 0.017943531 -0.196956202 -0.001231256 0.980411530 0.008993460
0.980402470 -0.059072372 0.187939987 0.295701891 0.057187986 0.998244047 0.015437931 0.004361841 -0.188521937 -0.004387479 0.982059181 0.012003377
0.981137753 -0.056219939 0.184954092 0.292551339 0.054598708 0.998412311 0.013851158 0.004797056 -0.185439155 -0.003491641 0.982649565 0.002054633
0.980770826 -0.047882613 0.189197809 0.280373544 0.045846391 0.998833954 0.015126906 0.007261220 -0.189701527 -0.006161993 0.981822491 0.005346944
0.980568886 -0.047198564 0.190412641 0.277188510 0.044969782 0.998860002 0.016011495 0.000230477 -0.190951288 -0.007137558 0.981573582 0.016496804
0.980497122 -0.047811307 0.190629184 0.266089231 0.046142422 0.998847842 0.013186367 -0.002248027 -0.191040009 -0.004133102 0.981573522 0.008872220
0.981617272 -0.047358684 0.184891000 0.273839772 0.046578333 0.998877943 0.008564230 -0.002704424 -0.185089126 0.000205118 0.982721686 0.009491636
0.981605828 -0.049476974 0.184396520 0.265298039 0.049582705 0.998761833 0.004040436 0.002550201 -0.184368119 0.005176761 0.982843637 0.011560756
0.981458306 -0.053742658 0.183987364 0.260146648 0.054574240 0.998509586 0.000544711 -0.000946300 -0.183742419 0.009506360 0.982928455 0.017504757
0.981388390 -0.059253853 0.182663232 0.253782928 0.061559904 0.998079002 -0.006975388 -0.005829259 -0.181899011 0.018090295 0.983150780 0.010370318
0.981810629 -0.062569089 0.179256722 0.240347639 0.065954067 0.997738242 -0.012980428 0.008309649 -0.178039119 0.024567030 0.983716667 0.002609649
0.983008623 -0.056445200 0.174665242 0.229120180 0.058956098 0.998218060 -0.009216115 0.009946212 -0.173833787 0.019357100 0.984584749 -0.001737362
0.983202040 -0.050694212 0.175339133 0.220150620 0.052778192 0.998580039 -0.007239693 -0.002134041 -0.174723148 0.016372163 0.984481454 0.005295906
0.983430862 -0.049632762 0.174356923 0.213791057 0.052173812 0.998587787 -0.010017778 -0.006752910 -0.173613474 0.018948656 0.984631538 0.003727166
0.983678937 -0.052512050 0.172099441 0.205083549 0.055922456 0.998322070 -0.015025066 -0.006179871 -0.171021670 0.024404066 0.984964967 0.002857029
0.983943522 -0.049840942 0.171379775 0.197024330 0.053915218 0.998360932 -0.019198760 -0.009809233 -0.170141995 0.028130475 0.985017955 0.001840647
0.983805537 -0.051720724 0.171614677 0.191967905 0.057109214 0.998013318 -0.026608394 -0.015598431 -0.169897527 0.035978265 0.984804749 0.005336382
0.983439445 -0.055439364 0.172549576 0.177751258 0.061798874 0.997585058 -0.031700850 -0.008644453 -0.170375407 0.041839235 0.984490573 -0.007202439
0.983629704 -0.055186160 0.171543375 0.166941404 0.061363392 0.997636616 -0.030914156 -0.002856629 -0.169431910 0.040934563 0.984691441 -0.005197770
0.983647048 -0.054018542 0.171815366 0.161376491 0.060076453 0.997735262 -0.030252365 -0.013838276 -0.169792056 0.040079705 0.984664559 0.000538136
0.983965993 -0.056680869 0.169109970 0.151005074 0.063279592 0.997420430 -0.033885106 -0.009284241 -0.166753113 0.044043005 0.985014558 -0.005841779
0.984596670 -0.058192749 0.164872631 0.135468498 0.064619549 0.997334540 -0.033884056 -0.014135424 -0.162461355 0.044016123 0.985732675 0.001245199
0.986028254 -0.060449809 0.155222937 0.141522646 0.066800684 0.997115791 -0.036024988 -0.015019141 -0.152597532 0.045890652 0.987222373 -0.002869828
0.986863077 -0.055636406 0.151676849 0.139421836 0.061897330 0.997401297 -0.036870252 -0.012177825 -0.149231359 0.045774285 0.987742245 -0.009279851
0.987772584 -0.052542672 0.146780774 0.136645809 0.058444105 0.997634709 -0.036183853 -0.010961904 -0.144532397 0.044319887 0.988507032 -0.003644686
0.987661600 -0.055789597 0.146328643 0.110253394 0.061200432 0.997588515 -0.032736301 -0.014232501 -0.144149438 0.041287765 0.988694251 -0.006242641
0.988641918 -0.056099337 0.139427438 0.112197004 0.061359223 0.997546196 -0.033713736 -0.017315622 -0.137193993 0.041885972 0.989658237 0.001305349
0.988849521 -0.055302855 0.138268605 0.098646738 0.060802456 0.997505128 -0.035869308 -0.019462705 -0.135939971 0.043876417 0.989745021 -0.001339698
0.988659322 -0.061539836 0.136987627 0.086706750 0.067576669 0.996917605 -0.039858755 -0.021680200 -0.134112477 0.048663896 0.989770532 0.005874936
0.990043461 -0.069200195 0.122577868 0.086555727 0.075572811 0.995978534 -0.048120037 -0.015448289 -0.118755005 0.056904480 0.991291642 0.019197520
0.991516590 -0.072230503 0.108063161 0.086725913 0.078172863 0.995593250 -0.051798232 -0.008601307 -0.103845537 0.059806414 0.992793679 0.022251472
0.992064655 -0.072787017 0.102517277 0.080797270 0.078457028 0.995539308 -0.052401926 -0.009067150 -0.098245800 0.060029302 0.993350029 0.033994269
0.992024839 -0.080099747 0.097317897 0.074091434 0.085635170 0.994856954 -0.054095119 -0.011422074 -0.092484377 0.061997533 0.993782163 0.033929791
0.992503464 -0.086015627 0.086822592 0.058734387 0.091284320 0.994096220 -0.058650505 -0.007219904 -0.081265144 0.066136368 0.994495809 0.039925966
0.992103875 -0.090403676 0.086931318 0.063741326 0.095818192 0.993572831 -0.060265530 -0.011565262 -0.080924377 0.068119265 0.994389772 0.038867414
0.990826309 -0.102838427 0.087677978 0.040556550 0.108509079 0.992125034 -0.062559299 -0.010930009 -0.080554016 0.071499251 0.994182527 0.023270309
0.990198016 -0.109988555 0.086083867 0.045884199 0.115795881 0.991101384 -0.065645777 -0.021896927 -0.078097560 0.074970476 0.994122803 0.027179945
0.989210069 -0.116017297 0.089461803 0.032502700 0.123144194 0.989260137 -0.078739703 -0.014607565 -0.079365820 0.088906810 0.992872953 0.034039162
0.988571346 -0.123832040 0.085978515 0.024529334 0.131136730 0.987691581 -0.085255593 -0.006957734 -0.074362881 0.095556185 0.992642522 0.029988235
0.988899231 -0.124757327 0.080708951 0.015915750 0.131562218 0.987627327 -0.085344106 -0.001134405 -0.069063067 0.095014974 0.993077278 0.031432733
0.989422917 -0.118878350 0.083127484 0.009461324 0.125749186 0.988585830 -0.082977146 -0.010603223 -0.072314471 0.092552707 0.993078351 0.031879116
0.989057779 -0.118102379 0.088411525 -0.002152929 0.125651389 0.988397777 -0.085332289 -0.021021144 -0.077307805 0.095507592 0.992422163 0.030542318
0.988272667 -0.124381177 0.088580437 -0.014287776 0.132461667 0.986902118 -0.092076741 -0.012955986 -0.075967602 0.102730431 0.991804123 0.032912139
0.987985134 -0.130855754 0.082232147 -0.022642413 0.138285652 0.986082494 -0.092294857 -0.020979773 -0.069010377 0.102557480 0.992330372 0.033677753
0.988510728 -0.129566774 0.077839680 -0.030241320 0.136868313 0.985806346 -0.097226284 -0.023495786 -0.064137556 0.106763013 0.992213726 0.029938877
0.988841712 -0.127142414 0.077633038 -0.044725597 0.134603396 0.985847056 -0.099937692 -0.009474693 -0.063827977 0.109272227 0.991960466 0.028155932
0.989242792 -0.124662973 0.076536231 -0.057396866 0.131766260 0.986611962 -0.096096173 -0.012724375 -0.063531928 0.105147347 0.992425203 0.034745332
0.989819527 -0.122176498 0.073008217 -0.064296909 0.128904194 0.987007320 -0.095917903 -0.014290502 -0.060340736 0.104352482 0.992708206 0.036111463
0.990356803 -0.118870743 0.071156129 -0.074082032 0.125392258 0.987495601 -0.095546678 -0.008653979 -0.058908660 0.103547722 0.992878437 0.032409891
0.991397679 -0.111173227 0.069073968 -0.076997340 0.117234975 0.988928318 -0.090976700 -0.007694697 -0.058195032 0.098291978 0.993454576 0.036460202
0.992053509 -0.104751267 0.069691911 -0.075695820 0.110721596 0.989932239 -0.088175051 -0.014809287 -0.059753824 0.095190771 0.993664026 0.038415775
0.991660178 -0.106533349 0.072531238 -0.088648796 0.112919226 0.989472032 -0.090522721 -0.016694803 -0.062123939 0.097957954 0.993249655 0.039752178
0.991728783 -0.107348911 0.070357651 -0.096541904 0.113770179 0.988983452 -0.094700076 -0.017901439 -0.059416603 0.101921402 0.993016481 0.045619436
0.992214680 -0.102727719 0.070406117 -0.098654568 0.109438650 0.989028692 -0.099224001 -0.017192056 -0.059440617 0.106156662 0.992571175 0.043410350
0.992192149 -0.100601517 0.073716491 -0.112979256 0.107788481 0.989024401 -0.101056591 -0.009658299 -0.062740967 0.108213335 0.992145896 0.043197721
0.992679000 -0.097058520 0.071889058 -0.129820496 0.103922516 0.989660263 -0.098857060 -0.013822530 -0.061550826 0.105604216 0.992501497 0.038952578
0.993540525 -0.094168819 0.063320376 -0.137262881 0.100148104 0.990031183 -0.099038221 -0.013904201 -0.053362835 0.104739897 0.993066967 0.040837839
0.994414210 -0.087897643 0.058433082 -0.141554371 0.093306869 0.990862012 -0.097397588 -0.013947638 -0.049338106 0.102305748 0.993528724 0.040175233
0.994861722 -0.082586356 0.058563139 -0.148528501 0.087948970 0.991504312 -0.095834032 -0.018054396 -0.050151024 0.100492179 0.993673086 0.040990505
0.995231688 -0.079163834 0.056982197 -0.165715188 0.084446445 0.991675317 -0.097205013 -0.020592365 -0.048812717 0.101553455 0.993631840 0.047726363
0.995496392 -0.082625002 0.046476066 -0.175184324 0.087031364 0.990915716 -0.102525875 -0.026767170 -0.037582666 0.106109008 0.993643999 0.042180747
0.995934188 -0.081497073 0.038383421 -0.187111065 0.085280374 0.990237176 -0.110261619 -0.027278973 -0.029022690 0.113086671 0.993161142 0.037783541
0.996220112 -0.082630709 0.026789216 -0.195115298 0.085191071 0.989650071 -0.115478396 -0.023744112 -0.016969888 0.117324099 0.992948651 0.048933432
0.996553242 -0.082471885 0.008947479 -0.201150015 0.082949691 0.989354670 -0.119568653 -0.024888936 0.001008822 0.119898714 0.992785633 0.049511068
0.996758163 -0.080295071 -0.005084167 -0.207772523 0.079046726 0.989118397 -0.124082275 -0.024437306 0.014992037 0.123278134 0.992258906 0.055426218
0.996437132 -0.082576081 -0.017152349 -0.219038397 0.079750776 0.988704026 -0.126902148 -0.027221467 0.027437678 0.125082090 0.991766930 0.046681177
0.995995641 -0.084251739 -0.029905651 -0.225694805 0.079648115 0.988149047 -0.131215885 -0.030984508 0.040606406 0.128308520 0.990902662 0.044967245
0.995983243 -0.082764149 -0.034168534 -0.235118091 0.077456787 0.987822115 -0.134936839 -0.025538914 0.044920363 0.131748259 0.990264893 0.042836733
0.995588064 -0.086088896 -0.037323765 -0.240542874 0.080333367 0.987577200 -0.135047570 -0.026980296 0.048486196 0.131453410 0.990135908 0.042639792
0.995542407 -0.085542083 -0.039722495 -0.247732401 0.079363242 0.987355351 -0.137225896 -0.033755671 0.050958805 0.133461684 0.989742994 0.039553590
0.995684445 -0.084205873 -0.039011225 -0.257119149 0.077947013 0.986951351 -0.140894756 -0.027004836 0.050366350 0.137245908 0.989255667 0.036877375
0.995750904 -0.083522037 -0.038783673 -0.269305319 0.077357635 0.987158477 -0.139763832 -0.028487138 0.049958993 0.136169761 0.989425063 0.039596148
0.996214569 -0.076919056 -0.040496930 -0.275369465 0.070597686 0.987720490 -0.139370844 -0.027017299 0.050719917 0.135984287 0.989411831 0.044731013
0.996542633 -0.072553322 -0.040481735 -0.288474828 0.066313431 0.988134444 -0.138538286 -0.025557565 0.050052810 0.135374829 0.989529371 0.039891221
0.996603072 -0.070750855 -0.042149454 -0.299200982 0.064325489 0.988334775 -0.138045728 -0.025236845 0.051424623 0.134865522 0.989528596 0.043325394
0.996280074 -0.074580669 -0.043171145 -0.302497804 0.067935035 0.987960577 -0.138992026 -0.030986277 0.053017505 0.135542139 0.989352047 0.039585888
0.995950997 -0.078666277 -0.043511730 -0.314776331 0.071741842 0.987173259 -0.142625719 -0.030244468 0.054173451 0.138926625 0.988819838 0.036045026
0.995595872 -0.077452920 -0.052819587 -0.327469051 0.069218703 0.987294376 -0.143033698 -0.030949973 0.063226856 0.138747647 0.988307357 0.041659702
0.995154142 -0.073937215 -0.064819425 -0.336522758 0.064086951 0.987687349 -0.142711356 -0.038420256 0.074573010 0.137865707 0.987639546 0.031130146
0.994345129 -0.070564643 -0.079362601 -0.347063869 0.058199048 0.987188339 -0.148566857 -0.042932272 0.088829398 0.143107906 0.985712647 0.027113320
0.992355227 -0.072122924 -0.100146681 -0.369665802 0.055941004 0.986186802 -0.155904576 -0.038987331 0.110007629 0.149110422 0.982682228 0.025415208
0.990034103 -0.069904618 -0.122253105 -0.366114557 0.050080329 0.986119688 -0.158303425 -0.047633946 0.131622329 0.150603309 0.979792953 0.018070431
0.989475787 -0.062952623 -0.130286947 -0.374440700 0.041367736 0.985891044 -0.162196234 -0.040477198 0.138659403 0.155099556 0.978119493 0.020610716
0.988012552 -0.064279296 -0.140354544 -0.391711771 0.041191913 0.985996604 -0.161598191 -0.040816408 0.148776531 0.153879568 0.976824760 0.011957382
0.986115277 -0.063039981 -0.153631315 -0.389414847 0.037507739 0.985788584 -0.163750067 -0.046945352 0.161770806 0.155714080 0.974465668 0.017893879
0.985938311 -0.063443348 -0.154598325 -0.385592818 0.035763215 0.983802617 -0.175651416 -0.042285666 0.163238138 0.167652532 0.972237587 0.017302997
0.986138284 -0.069494940 -0.150670975 -0.407423019 0.041602336 0.982615411 -0.180931568 -0.037911769 0.160625458 0.172155291 0.971885800 0.016446406
0.983673394 -0.085492708 -0.158359125 -0.413072437 0.055433147 0.981110454 -0.185336158 -0.042089108 0.171212688 0.173531905 0.969831347 0.017115638
0.982738078 -0.086915232 -0.163314492 -0.400043905 0.054846816 0.979960501 -0.191492140 -0.023431748 0.176685333 0.179229349 0.967811525 0.024857350
0.984800518 -0.081158392 -0.153561860 -0.403893501 0.051867653 0.981191933 -0.185935944 -0.004980999 0.165763915 0.175144911 0.970487833 0.015826652
0.987068653 -0.077554852 -0.140287966 -0.417802781 0.052747041 0.983575642 -0.172617167 -0.013967622 0.151371121 0.162985235 0.974947512 0.011925998
0.987559199 -0.082550518 -0.133836761 -0.433580488 0.059452895 0.983956456 -0.168211386 -0.026619319 0.145575479 0.158161715 0.976623058 0.017574664
0.986927748 -0.091258273 -0.132836372 -0.439242721 0.067827120 0.982880533 -0.171304777 -0.020050300 0.146195263 0.160055533 0.976221859 0.039347958
0.985997081 -0.104703590 -0.129795551 -0.449941218 0.081696838 0.981809497 -0.171393618 -0.028547101 0.145380020 0.158389732 0.976615250 0.024665438
0.982450843 -0.125654206 -0.137845412 -0.458103180 0.100746267 0.979439855 -0.174779028 -0.031703200 0.156973019 0.157824397 0.974910736 0.032869123
0.981229663 -0.124623448 -0.147164464 -0.461565256 0.097560093 0.979069829 -0.178617850 -0.029153218 0.166344255 0.160907760 0.972850621 0.004079793
0.981605351 -0.116749540 -0.151064336 -0.467771947 0.088755652 0.979590714 -0.180345282 -0.024269376 0.169036448 0.163620099 0.971933722 0.009246982
0.981625378 -0.116383754 -0.151216581 -0.483694494 0.088684030 0.979933143 -0.178510875 -0.021675900 0.168957904 0.161820322 0.972248614 0.009880418
0.979937494 -0.112807103 -0.164307997 -0.499265492 0.084820025 0.982066512 -0.168377385 -0.027339749 0.180355534 0.151062712 0.971932054 0.021774312
0.980763912 -0.106480055 -0.163597554 -0.511709929 0.078659780 0.982642829 -0.168004930 -0.029165193 0.178647131 0.151904613 0.972116351 0.025388064
0.980070174 -0.102189973 -0.170351744 -0.528318048 0.073839262 0.983498156 -0.165164083 -0.028290199 0.184418738 0.149293751 0.971442819 0.020607501
0.978168786 -0.100941673 -0.181649745 -0.532390356 0.071251303 0.984027386 -0.163135827 -0.035693914 0.195215523 0.146631598 0.969737113 0.038674973
0.976473331 -0.105367750 -0.188142046 -0.540361583 0.073951960 0.983209610 -0.166823208 -0.037389636 0.202560857 0.148984939 0.967870116 0.030766740
0.974677265 -0.108247533 -0.195669949 -0.547578275 0.075009033 0.982594132 -0.169948339 -0.028549209 0.210660636 0.150967777 0.965831697 0.028363245
0.973576605 -0.108041666 -0.201185569 -0.548786402 0.074982874 0.983396888 -0.165251762 -0.016789835 0.215699330 0.145799786 0.965513468 0.027615611
0.972814322 -0.114149474 -0.201499999 -0.554736793 0.082915224 0.984083295 -0.157178536 -0.019354289 0.216234624 0.136198118 0.966795027 0.041483678
0.971871436 -0.121369675 -0.201829925 -0.562339127 0.091522306 0.984261096 -0.151174486 -0.020529231 0.217001334 0.128450215 0.967683315 0.029911604
0.970431030 -0.128963068 -0.204039589 -0.565129399 0.100866318 0.984626949 -0.142603308 -0.018404795 0.219293430 0.117805958 0.968520582 0.031113459
0.968976796 -0.137805775 -0.205167130 -0.570459187 0.111167997 0.984426558 -0.136183873 -0.029920299 0.220738903 0.109150991 0.969206095 0.042622779
0.967120945 -0.140662491 -0.211875379 -0.585601866 0.113396674 0.984223783 -0.135811359 -0.036193207 0.227636337 0.107320055 0.967814088 0.035732612
0.964442909 -0.136311680 -0.226426601 -0.575223207 0.107066602 0.984793186 -0.136817858 -0.039937217 0.241633236 0.107710287 0.964371264 0.045768723
0.964776754 -0.122537993 -0.232788041 -0.574216127 0.091204770 0.985809505 -0.140930250 -0.038626947 0.246753976 0.114734843 0.962262094 0.043024864
0.963662267 -0.120131925 -0.238586292 -0.582211912 0.087034032 0.985633492 -0.144746959 -0.039568596 0.252547383 0.118722051 0.960273325 0.040085383
0.959333003 -0.123045556 -0.254047245 -0.563573837 0.084548153 0.983927190 -0.157285869 -0.028915687 0.269317299 0.129410297 0.954317093 0.039701756
0.959968328 -0.125092909 -0.250624448 -0.554622829 0.086502701 0.983399570 -0.159507409 -0.024461349 0.266417235 0.131442353 0.954853296 0.046896946
0.961230814 -0.125956953 -0.245296001 -0.547804952 0.088239625 0.983305335 -0.159136340 -0.028166540 0.261245191 0.131321922 0.956297815 0.045852706
0.963687718 -0.119632289 -0.238734469 -0.536001921 0.081783682 0.983295619 -0.162607372 -0.036014851 0.254199654 0.137178153 0.957373857 0.030371580
0.965370595 -0.122025050 -0.230585158 -0.533547282 0.083355777 0.981809497 -0.170592695 -0.035298422 0.247207284 0.145464569 0.957981527 0.029611681
0.964671671 -0.128864691 -0.229787961 -0.518096685 0.088316970 0.979918420 -0.178773537 -0.039738804 0.248211041 0.152163580 0.956680477 0.037383880
0.964001000 -0.132793114 -0.230365187 -0.507685304 0.089699656 0.977988482 -0.188394666 -0.048422117 0.250312001 0.160948962 0.954693317 0.030986339
0.963512659 -0.133383125 -0.232061073 -0.497857690 0.085041188 0.974617183 -0.207097352 -0.042771205 0.253794014 0.179806173 0.950399041 0.043537654
0.963773727 -0.134809867 -0.230144501 -0.483239204 0.084193729 0.972515047 -0.217085063 -0.037573677 0.253084183 0.189844161 0.948634624 0.027449664
0.964893460 -0.136623397 -0.224309191 -0.460513383 0.086466610 0.971684635 -0.219891995 -0.036767136 0.248000190 0.192777097 0.949385524 0.018958608
0.968714178 -0.129392937 -0.211779043 -0.443591595 0.080699056 0.971185923 -0.224244490 -0.037309483 0.234692469 0.200138435 0.951243401 0.045781806
0.972141027 -0.124658920 -0.198499426 -0.431971312 0.078563951 0.971156240 -0.225129366 -0.035388913 0.220838353 0.203262597 0.953894496 0.051777601
0.975647926 -0.119244002 -0.184097737 -0.423541963 0.074836947 0.969920874 -0.231630951 -0.038191270 0.206180841 0.212212950 0.955225170 0.048474248
0.978833914 -0.115199625 -0.169154510 -0.407280087 0.073218226 0.968943298 -0.236194834 -0.040561527 0.191110685 0.218810305 0.956869245 0.030832453
0.981034636 -0.106609859 -0.161880583 -0.399575323 0.066192158 0.969213903 -0.237156034 -0.038401388 0.182180077 0.221943051 0.957889199 0.018490769
0.983000338 -0.098899618 -0.154690728 -0.378744423 0.059930056 0.969212413 -0.238821492 -0.041050427 0.173547521 0.225490972 0.958663166 0.038862474
0.985760987 -0.095484637 -0.138412490 -0.372731358 0.059495918 0.967944086 -0.244017318 -0.036092468 0.157275453 0.232307777 0.959842443 0.035337366
0.986571074 -0.091850758 -0.135059312 -0.359009773 0.056772042 0.968179405 -0.243732601 -0.036156561 0.153148666 0.232791930 0.960392296 0.033582106
0.987570167 -0.089169845 -0.129437029 -0.338529557 0.055630773 0.968492150 -0.242751315 -0.039808057 0.147004843 0.232533261 0.961414516 0.031148601
0.989623904 -0.084787220 -0.115998618 -0.332345665 0.053943206 0.967517376 -0.246982425 -0.035005968 0.133171633 0.238162369 0.962051988 0.034874875
0.990212023 -0.084797241 -0.110858425 -0.344168901 0.055346675 0.967724442 -0.245857880 -0.009933086 0.128128484 0.237315789 0.962945640 0.027322546
0.990119696 -0.076308995 -0.117643297 -0.315621287 0.047843833 0.972458005 -0.228114799 -0.031041974 0.131810382 0.220232442 0.966500759 0.024571193
0.992246032 -0.068173371 -0.103923768 -0.255814761 0.042747676 0.972324252 -0.229691520 -0.040921982 0.116706446 0.223468021 0.967699170 0.017245729
0.995021641 -0.062854052 -0.077338718 -0.316573828 0.043521665 0.972178817 -0.230161220 -0.012028186 0.089653634 0.225649476 0.970074475 0.029696137
0.993314207 -0.074883558 -0.087859973 -0.302465260 0.054476641 0.975059330 -0.215154782 -0.029724360 0.101780251 0.208929971 0.972619653 0.035406094
0.993183434 -0.073845387 -0.090186372 -0.267181277 0.052849814 0.974906564 -0.216249958 -0.041313052 0.103892341 0.210009530 0.972163737 0.032124560
0.994792223 -0.065221794 -0.078323595 -0.275276661 0.046705011 0.974724889 -0.218472153 -0.010074778 0.090593107 0.213676304 0.972694874 0.038744751
0.995064855 -0.061115086 -0.078172237 -0.272074461 0.043975793 0.977836549 -0.204699323 -0.020024063 0.088949889 0.200251415 0.975698352 0.038127534
0.995207489 -0.057480931 -0.079107344 -0.251997024 0.040695660 0.979065180 -0.199437261 -0.031175578 0.088915080 0.195262134 0.976712227 0.031225085
0.996010125 -0.051772360 -0.072687566 -0.242847666 0.036216009 0.978923082 -0.200992435 -0.023041856 0.081561387 0.197558045 0.976892292 0.031725474
0.996166289 -0.052574523 -0.069918506 -0.238809481 0.037987597 0.979942143 -0.195628181 -0.028140968 0.078801148 0.192222163 0.978182495 0.027152577
0.996195376 -0.054544903 -0.067967519 -0.217445821 0.040322363 0.979898334 -0.195380196 -0.035889626 0.077258244 0.191896245 0.978369534 0.036653612
0.996690512 -0.055416152 -0.059473570 -0.209637523 0.042382441 0.978563786 -0.201535881 -0.029573217 0.069367021 0.198348254 0.977673888 0.041774157
0.997073412 -0.054192830 -0.053923231 -0.208686098 0.042250331 0.978451312 -0.202108786 -0.025301475 0.063714102 0.199239030 0.977877438 0.031916704
0.997297883 -0.051685404 -0.052207038 -0.200672179 0.040286195 0.979033709 -0.199674666 -0.034473121 0.061432712 0.197031885 0.978470445 0.031560548
0.997781873 -0.043258119 -0.050597336 -0.180843741 0.032257345 0.979072273 -0.200940132 -0.028939951 0.058230739 0.198862284 0.978295982 0.026781011
0.998635411 -0.029542934 -0.043063588 -0.172120437 0.020478103 0.980091095 -0.197489545 -0.032458249 0.048040658 0.196338192 0.979358673 0.031118838
0.999090374 -0.020996006 -0.037116107 -0.173117280 0.013291438 0.980354965 -0.196793050 -0.038345791 0.040518824 0.196120709 0.979742229 0.030493928
0.999293983 -0.012988993 -0.035253897 -0.147595510 0.005713806 0.979963064 -0.199097440 -0.042515092 0.037133589 0.198755428 0.979345381 0.027566481
0.999669313 -0.008796664 -0.024164427 -0.146327019 0.003707236 0.979155302 -0.203079134 -0.039100055 0.025447145 0.202922404 0.978864133 0.027801452
0.999816537 -0.007537985 -0.017608792 -0.140917182 0.003752341 0.978575587 -0.205853686 -0.043149244 0.018783256 0.205749854 0.978424311 0.035134718
0.999881983 -0.008848739 -0.012560764 -0.131977618 0.006021367 0.977789044 -0.209505007 -0.041970063 0.014135633 0.209404632 0.977726877 0.034218870
0.999932289 -0.008672957 -0.007757546 -0.115042083 0.006824126 0.977080226 -0.212762102 -0.039558981 0.009425022 0.212694749 0.977073252 0.035383951
0.999994814 -0.003144335 0.000699264 -0.090392321 0.003221122 0.977059543 -0.212941855 -0.030749610 -0.000013662 0.212943017 0.977064610 0.024910387
0.999854922 0.004652665 0.016384894 -0.107740492 -0.001158803 0.978320956 -0.207091063 -0.026308339 -0.016993212 0.207042038 0.978184462 0.045175940
0.999766707 0.005098213 0.020989727 -0.099578552 -0.000797481 0.979795873 -0.199998483 -0.031593069 -0.021585282 0.199935094 0.979571342 0.036675446
0.999633551 0.005579994 0.026488915 -0.065649442 -0.000285131 0.980640709 -0.195815563 -0.022812851 -0.027068757 0.195736259 0.980282903 0.012888555
0.998829782 0.003511910 0.048236072 -0.081929363 0.005628312 0.982142806 -0.188052669 -0.017808789 -0.048035137 0.188104108 0.980973721 0.041402131
0.998474240 -0.012966828 0.053675544 -0.090416193 0.022444719 0.983420610 -0.179944664 -0.024929732 -0.050452325 0.180874854 0.982211232 0.050682615
0.998331487 -0.029254641 0.049783204 -0.080481835 0.037695993 0.983286381 -0.178120449 -0.021795657 -0.043740299 0.179699883 0.982748568 0.056442440
0.998024881 -0.038844522 0.049370900 -0.065058924 0.046897266 0.983605266 -0.174130127 -0.007693851 -0.041797474 0.176101550 0.983484209 0.047387250
0.997544527 -0.044698901 0.053915568 -0.056999672 0.053021215 0.984966516 -0.164407164 -0.015115940 -0.045756213 0.166862130 0.984917939 0.050219450
0.997268498 -0.045350663 0.058300089 -0.053745683 0.054158598 0.985682189 -0.159679368 -0.005836198 -0.050223794 0.162400648 0.985445917 0.053123683
0.997407317 -0.038978413 0.060492314 -0.050855484 0.047747746 0.987371206 -0.151056990 0.007888294 -0.053840406 0.153553709 0.986672401 0.063809015
0.997487664 -0.034414705 0.061919209 -0.043544363 0.042672995 0.989592552 -0.137425035 -0.000293568 -0.056545343 0.139722049 0.988574922 0.069560871
0.997300029 -0.028334426 0.067748465 -0.040803574 0.036897324 0.990998626 -0.128686652 -0.006536594 -0.063492380 0.130838946 0.989368439 0.069037043
0.997580469 -0.028012946 0.063627943 -0.044743489 0.035204634 0.992755592 -0.114877939 -0.009762974 -0.059948929 0.116839990 0.991339743 0.072990149
0.997201383 -0.022422709 0.071320318 -0.026472405 0.029876228 0.993999898 -0.105221719 -0.016875478 -0.068533026 0.107058033 0.991887987 0.071523316
0.996910989 -0.019252848 0.076143056 -0.032021116 0.026807021 0.994679570 -0.099468052 -0.032855708 -0.073822901 0.101201966 0.992123127 0.074176729
0.996940076 -0.019586319 0.075675778 -0.031226197 0.027531771 0.994046509 -0.105420992 -0.053772546 -0.073160432 0.107181907 0.991544068 0.076582678
0.997360587 -0.020623110 0.069616824 -0.024686283 0.028075192 0.993773460 -0.107824408 -0.057805106 -0.066959679 0.109494321 0.991729498 0.069313861
0.997642100 -0.016643638 0.066582404 -0.024687916 0.023676647 0.994054735 -0.106276318 -0.059785742 -0.064417727 0.107602179 0.992104888 0.075869337
0.997982383 -0.018241737 0.060814358 -0.025634201 0.024287973 0.994669378 -0.100214340 -0.072869174 -0.058662094 0.101489209 0.993105590 0.069214642
0.998153269 -0.020489279 0.057185750 -0.018931868 0.025960524 0.994981289 -0.096634753 -0.086563714 -0.054918777 0.097940870 0.993675768 0.069069870
0.998326123 -0.019153146 0.054572314 -0.028982570 0.024252532 0.995241880 -0.094368793 -0.101388641 -0.052505195 0.095534347 0.994040430 0.069187693
0.999016464 -0.014076516 0.042047638 -0.016385648 0.018053960 0.995240211 -0.095764920 -0.116813518 -0.040499467 0.096429855 0.994515479 0.070245109
0.999068260 -0.002319933 0.043096278 -0.004311106 0.006591302 0.995042026 -0.099236667 -0.128852025 -0.042652387 0.099428266 0.994130194 0.067780033
0.998805106 0.006301258 0.048462991 -0.020670351 -0.001007888 0.994097829 -0.108482443 -0.150957584 -0.048860531 0.108303972 0.992916346 0.070193358
0.999200881 -0.002253030 0.039906073 -0.018796844 0.007255163 0.992047906 -0.125651360 -0.154968485 -0.039305639 0.125840485 0.991271555 0.075568914
0.999423862 -0.010059336 0.032415722 -0.004899350 0.014378505 0.990618348 -0.135898814 -0.174140126 -0.030744556 0.136286601 0.990192294 0.077699348
0.999394298 -0.014100650 0.031814821 0.001134636 0.018806065 0.988073885 -0.152827784 -0.184372485 -0.029280424 0.153333530 0.987740576 0.074441597
0.999349654 -0.014905551 0.032833956 -0.004216301 0.020317391 0.985023141 -0.171221077 -0.199267179 -0.029790061 0.171776831 0.984685361 0.069391243
0.999400139 -0.019589778 0.028558424 -0.014192915 0.024492241 0.982819974 -0.182934597 -0.206499726 -0.024484141 0.183524325 0.982710183 0.068917155
0.999572933 -0.021158477 0.020157339 0.004972170 0.024662079 0.980801702 -0.193442032 -0.220131963 -0.015677413 0.193856522 0.980904639 0.070872411
0.999500275 -0.018717237 0.025473412 0.014087021 0.023511566 0.978834152 -0.203300059 -0.224287242 -0.021129031 0.203797370 0.978785038 0.064891450
0.999307215 -0.019569390 0.031657033 -0.004210840 0.025754169 0.977658570 -0.208615482 -0.237943605 -0.026867291 0.209286243 0.977485240 0.073152214
0.999371827 -0.023880143 0.026185565 0.000986516 0.028890479 0.976906002 -0.211707443 -0.235311285 -0.020525232 0.212330967 0.976982236 0.071734801
0.999323130 -0.025666989 0.026352460 0.012643062 0.030653454 0.977051437 -0.210786358 -0.256597698 -0.020337457 0.211451486 0.977176905 0.079664990
0.999202609 -0.028249342 0.028214980 0.000087514 0.033723895 0.975440443 -0.217666388 -0.268461943 -0.021373101 0.218444347 0.975615323 0.080997020
0.999260545 -0.032363847 0.020759026 -0.005606865 0.036169268 0.974384487 -0.221960843 -0.272398233 -0.013043767 0.222547561 0.974834561 0.080309443
0.999274671 -0.036902349 0.009396886 0.007305161 0.038071010 0.973500192 -0.225494966 -0.286761403 -0.000826577 0.225689158 0.974198997 0.079637170
0.999297917 -0.037147433 0.004872723 0.020633299 0.037252165 0.971299708 -0.234923780 -0.293793768 0.003993940 0.234940350 0.972001612 0.084346421
0.999167979 -0.040182907 0.006979597 0.019854909 0.040688854 0.970400691 -0.238048121 -0.275692970 0.002792459 0.238134041 0.971228302 0.085802943
0.999076486 -0.042378746 0.007089125 0.018288698 0.042876475 0.972556114 -0.228683680 -0.281629950 0.002796755 0.228776425 0.973474979 0.085363261
0.999017000 -0.043756250 0.007100238 0.022721957 0.044238415 0.973901987 -0.222615927 -0.299094141 0.002825901 0.222711205 0.974880397 0.088922463
0.998620570 -0.051940154 0.007690780 0.021228468 0.052365672 0.974482775 -0.218268618 -0.296731353 0.003842372 0.218370274 0.975858450 0.090278581
0.998649955 -0.051270824 0.008343790 0.019716341 0.051877331 0.976177335 -0.210681155 -0.318963170 0.002656776 0.210829571 0.977519214 0.086972326
0.999017954 -0.043669693 0.007488512 0.020847563 0.044262752 0.976099372 -0.212769449 -0.318802357 0.001982043 0.212891966 0.977073729 0.094260752
0.999103427 -0.041812927 0.006632042 0.017285710 0.042275161 0.976989448 -0.209055945 -0.319229931 0.002261805 0.209148899 0.977881193 0.095065542
0.999254048 -0.038427353 0.003825088 0.026601648 0.038403317 0.978419423 -0.203028634 -0.326093584 0.004059312 0.203024074 0.979165316 0.093448691
0.999414146 -0.033003006 0.009067313 0.030235609 0.034147579 0.979413807 -0.198953569 -0.325509101 -0.002314586 0.199146628 0.979966998 0.094367407
0.999332309 -0.034576681 0.011808501 0.010552317 0.036197644 0.980883539 -0.191199511 -0.325010657 -0.004971719 0.191499293 0.981480181 0.094082087
0.999268830 -0.038142916 0.002637820 0.020546261 0.037996422 0.983013570 -0.179556623 -0.341047317 0.004255799 0.179525569 0.983744085 0.100863598
0.999349236 -0.035939116 0.003077788 0.043968547 0.035923596 0.983947456 -0.174805418 -0.355588347 0.003253971 0.174802229 0.984598160 0.099974975
0.999258637 -0.035929076 0.013828673 0.015465542 0.037802607 0.983698010 -0.175810024 -0.360615611 -0.007286548 0.176202461 0.984326959 0.103290647
0.998830855 -0.047788698 0.007289685 0.005582972 0.048326541 0.983354807 -0.175151110 -0.374344528 0.001201896 0.175298631 0.984514594 0.096376486
0.998626471 -0.052338999 -0.002397837 0.024618968 0.051078949 0.982732415 -0.177842349 -0.383487940 0.011664522 0.177475601 0.984056056 0.105162047
0.998837650 -0.048201505 -0.000069636 0.028925207 0.047353361 0.981530130 -0.185354486 -0.396412492 0.009002714 0.185135737 0.982671738 0.102231830
0.999025941 -0.044127014 0.000110096 0.021779023 0.043334741 0.980612218 -0.191106603 -0.387903839 0.008325001 0.190925226 0.981569290 0.102176070
0.999177754 -0.040507533 -0.001716228 0.032850072 0.039462671 0.981370926 -0.188025996 -0.390389383 0.009300726 0.187803671 0.982162535 0.095525742
0.999555111 -0.029629355 0.003420362 0.054501906 0.029748613 0.982118428 -0.185898855 -0.407754660 0.002148863 0.185917899 0.982562959 0.088271014
0.999651015 -0.020691555 0.016422713 0.038532548 0.023404896 0.982006252 -0.187392384 -0.404903203 -0.012249768 0.187711358 0.982147872 0.096883290
0.999546289 -0.020906480 0.021681637 0.025232660 0.024562525 0.982419908 -0.185061604 -0.415556639 -0.017431486 0.185510188 0.982487738 0.094876729
0.999504387 -0.025193697 0.018875027 0.023159893 0.028241614 0.982503355 -0.184091136 -0.431804210 -0.013906842 0.184532955 0.982727945 0.088600270
0.999274969 -0.034387827 0.016341854 0.025422975 0.036839128 0.981687844 -0.186900735 -0.445880890 -0.009615488 0.187367231 0.982242882 0.095560476
0.999276757 -0.035481490 0.013677850 0.022276876 0.037475072 0.979910791 -0.195883706 -0.455676824 -0.006452827 0.196254596 0.980531752 0.091414496
0.999513328 -0.029945860 0.008737024 0.022065420 0.031097563 0.978581131 -0.203499183 -0.452284485 -0.002455929 0.203671858 0.979036152 0.089824460
0.999665856 -0.025427647 0.004651886 0.030292783 0.025840733 0.978274465 -0.205697045 -0.457197458 0.000679570 0.205748513 0.978604674 0.085172549
0.999880373 -0.014966710 0.003908286 0.030496443 0.015452803 0.977862835 -0.208675623 -0.461108297 -0.000698580 0.208711058 0.977977097 0.083321743
0.999976158 -0.006450458 0.002457110 0.022619518 0.006822566 0.977689385 -0.209945008 -0.471761554 -0.001048049 0.209956780 0.977710128 0.086118422
0.999996722 0.001290170 -0.002223671 0.026954150 -0.001738145 0.976606309 -0.215028033 -0.487099618 0.001894229 0.215031192 0.976605356 0.085067198
0.999994755 0.002078778 -0.002482934 0.026537675 -0.002581490 0.974660039 -0.223676547 -0.482806593 0.001955043 0.223681793 0.974660277 0.083214827
0.999974787 -0.000756340 -0.007058716 0.020930445 -0.000871976 0.973693550 -0.227859855 -0.487344354 0.007045365 0.227860272 0.973668337 0.081673421
0.999925613 -0.002186261 -0.011997594 0.028073812 -0.000697561 0.971935093 -0.235248208 -0.488307744 0.012175198 0.235239089 0.971861303 0.080353595
