# timestamp coverage_percent dynamic_pixels total_pixels
1341846313.592026 47.61 146243 307200
1341846313.654184 53.18 163364 307200
1341846313.686156 53.67 164864 307200
1341846313.721918 52.83 162299 307200
1341846313.753994 55.70 171113 307200
1341846313.789969 54.50 167420 307200
1341846313.822075 53.20 163437 307200
1341846313.853928 53.55 164496 307200
1341846313.890011 54.73 168144 307200
1341846313.922055 55.35 170022 307200
1341846313.957927 56.44 173387 307200
1341846313.990058 59.30 182173 307200
1341846314.022042 58.95 181095 307200
1341846314.057816 62.19 191058 307200
1341846314.089801 61.25 188146 307200
1341846314.122037 60.88 187020 307200
1341846314.157989 61.46 188799 307200
1341846314.190094 61.13 187795 307200
1341846314.225969 61.40 188606 307200
1341846314.257923 60.83 186873 307200
1341846314.290052 62.26 191270 307200
1341846314.325981 61.75 189704 307200
1341846314.357905 61.94 190289 307200
1341846314.389899 61.22 188074 307200
1341846314.427905 61.17 187929 307200
1341846314.493987 64.32 197604 307200
1341846314.526085 63.82 196046 307200
1341846314.558292 64.04 196743 307200
1341846314.594085 63.97 196526 307200
1341846314.626096 62.14 190902 307200
1341846314.658455 64.42 197892 307200
1341846314.694004 65.63 201609 307200
1341846314.725910 63.62 195429 307200
1341846314.761942 60.11 184661 307200
1341846314.794030 60.74 186601 307200
1341846314.826092 60.03 184414 307200
1341846314.862145 56.76 174377 307200
1341846314.894072 60.88 187017 307200
1341846314.925969 58.27 179010 307200
1341846314.961937 57.72 177324 307200
1341846314.994564 59.93 184102 307200
1341846315.029900 61.55 189090 307200
1341846315.061965 58.97 181171 307200
1341846315.094388 56.75 174330 307200
1341846315.129851 58.58 179948 307200
1341846315.161941 58.52 179763 307200
1341846315.197984 62.06 190650 307200
1341846315.230076 59.89 183971 307200
1341846315.262069 59.53 182872 307200
1341846315.298000 60.10 184641 307200
1341846315.329931 64.22 197286 307200
1341846315.361981 60.19 184904 307200
1341846315.397962 56.86 174666 307200
1341846315.429923 57.07 175313 307200
1341846315.466047 58.29 179065 307200
1341846315.497883 54.78 168299 307200
1341846315.530008 51.35 157741 307200
1341846315.566108 52.37 160883 307200
1341846315.597986 50.47 155042 307200
1341846315.630109 49.22 151190 307200
1341846315.666042 53.32 163807 307200
1341846315.698114 55.96 171908 307200
1341846315.733985 57.82 177636 307200
1341846315.766041 51.55 158351 307200
1341846315.798188 50.02 153673 307200
1341846315.834140 50.44 154939 307200
1341846315.866751 48.63 149388 307200
1341846315.898492 43.70 134248 307200
1341846315.936901 44.74 137433 307200
1341846315.966572 44.73 137403 307200
1341846316.034204 44.28 136033 307200
1341846316.066113 44.77 137528 307200
1341846316.101867 46.02 141367 307200
1341846316.134066 48.77 149824 307200
1341846316.202049 48.77 149810 307200
1341846316.233979 41.91 128756 307200
1341846316.270052 47.33 145385 307200
1341846316.301915 47.41 145646 307200
1341846316.334208 49.42 151813 307200
1341846316.370006 50.09 153863 307200
1341846316.401994 49.36 151632 307200
1341846316.438069 44.45 136556 307200
1341846316.470076 53.78 165224 307200
1341846316.502034 50.51 155164 307200
1341846316.537975 49.29 151432 307200
1341846316.570121 48.62 149352 307200
1341846316.601885 48.09 147737 307200
1341846316.638009 48.90 150211 307200
1341846316.669925 46.88 144023 307200
1341846316.705941 46.97 144291 307200
1341846316.738062 45.54 139909 307200
1341846316.770433 42.43 130359 307200
1341846316.805932 41.99 128991 307200
1341846316.838029 41.54 127614 307200
1341846316.870034 41.83 128501 307200
1341846316.906344 42.43 130351 307200
1341846316.937940 38.47 118166 307200
1341846316.973994 40.19 123478 307200
1341846317.005913 40.54 124547 307200
1341846317.037936 41.28 126811 307200
1341846317.073972 42.53 130656 307200
1341846317.106113 41.04 126071 307200
1341846317.137887 43.49 133586 307200
1341846317.173970 44.91 137957 307200
1341846317.205887 44.82 137690 307200
1341846317.248131 43.75 134408 307200
1341846317.306289 44.77 137545 307200
1341846317.348137 42.22 129698 307200
1341846317.410120 42.90 131797 307200
1341846317.442569 43.06 132289 307200
1341846317.474010 41.02 126015 307200
1341846317.509927 40.32 123859 307200
1341846317.542282 38.50 118269 307200
1341846317.573943 36.89 113332 307200
1341846317.610159 39.60 121652 307200
1341846317.643553 39.72 122007 307200
1341846317.677993 40.59 124706 307200
1341846317.709996 40.01 122909 307200
1341846317.741834 37.42 114939 307200
1341846317.777923 37.66 115692 307200
1341846317.810021 38.94 119627 307200
1341846317.841886 35.82 110024 307200
1341846317.878017 35.65 109530 307200
1341846317.909910 38.04 116858 307200
1341846317.946031 40.03 122971 307200
1341846317.978041 38.47 118165 307200
1341846318.009897 36.80 113046 307200
1341846318.045949 33.81 103854 307200
1341846318.078074 38.04 116846 307200
1341846318.109894 36.96 113547 307200
1341846318.145957 36.67 112648 307200
1341846318.178001 34.42 105753 307200
1341846318.214074 38.50 118281 307200
1341846318.245970 35.52 109132 307200
1341846318.278018 33.75 103694 307200
1341846318.313937 30.96 95115 307200
1341846318.345989 29.88 91788 307200
1341846318.382046 27.75 85247 307200
1341846318.414072 29.67 91138 307200
1341846318.446035 29.48 90565 307200
1341846318.482196 28.94 88899 307200
1341846318.514144 27.94 85839 307200
1341846318.546259 29.11 89414 307200
1341846318.582042 27.68 85033 307200
1341846318.614115 27.92 85771 307200
1341846318.650038 28.12 86388 307200
1341846318.682350 29.18 89626 307200
1341846318.714063 28.27 86860 307200
1341846318.749905 27.81 85422 307200
1341846318.782036 30.31 93115 307200
1341846318.814121 33.99 104425 307200
1341846318.850072 31.59 97033 307200
1341846318.883516 34.46 105851 307200
1341846318.918047 34.09 104725 307200
1341846318.950044 33.81 103879 307200
1341846318.982028 35.64 109477 307200
1341846319.018123 34.94 107328 307200
1341846319.050745 38.18 117280 307200
1341846319.081905 35.90 110274 307200
1341846319.117976 35.68 109598 307200
1341846319.150093 37.05 113804 307200
1341846319.186069 35.23 108213 307200
1341846319.218149 41.70 128095 307200
1341846319.250034 44.67 137221 307200
1341846319.286594 44.70 137324 307200
1341846319.318034 38.74 118994 307200
1341846319.350268 47.23 145090 307200
1341846319.386163 44.53 136792 307200
1341846319.418386 45.21 138882 307200
1341846319.453961 39.97 122793 307200
1341846319.486271 42.04 129158 307200
1341846319.554083 31.61 97103 307200
1341846319.586296 30.02 92236 307200
1341846319.622031 27.20 83569 307200
1341846319.653962 15.29 46974 307200
1341846319.686352 14.56 44724 307200
1341846319.721992 10.75 33023 307200
1341846319.754063 17.44 53563 307200
1341846319.786397 16.34 50182 307200
1341846319.822008 17.06 52404 307200
1341846319.853917 14.32 43984 307200
1341846319.889942 12.77 39222 307200
1341846319.922039 10.23 31420 307200
1341846319.953946 15.73 48329 307200
1341846319.990054 10.22 31397 307200
1341846320.028122 12.64 38830 307200
1341846320.090047 18.43 56623 307200
1341846320.122011 7.64 23477 307200
1341846320.157952 9.37 28784 307200
1341846320.190003 14.33 44037 307200
1341846320.221941 20.84 64009 307200
1341846320.258015 22.55 69277 307200
1341846320.289887 32.61 100172 307200
1341846320.321954 29.22 89758 307200
1341846320.357890 33.08 101621 307200
1341846320.390064 18.75 57601 307200
1341846320.426544 26.71 82057 307200
1341846320.458122 33.77 103738 307200
1341846320.490186 34.37 105580 307200
1341846320.525911 34.62 106345 307200
1341846320.558091 26.39 81074 307200
1341846320.594093 24.94 76608 307200
1341846320.631955 27.92 85782 307200
1341846320.664916 24.27 74548 307200
1341846320.699927 26.50 81399 307200
1341846320.731822 23.43 71980 307200
1341846320.763877 35.67 109592 307200
1341846320.799999 37.58 115433 307200
1341846320.831871 37.35 114747 307200
1341846320.863887 35.12 107904 307200
1341846320.900014 32.03 98389 307200
1341846320.931889 28.20 86625 307200
1341846320.967866 32.67 100351 307200
1341846321.000017 25.92 79633 307200
1341846321.031860 28.22 86698 307200
1341846321.068047 24.66 75760 307200
1341846321.099840 22.69 69704 307200
1341846321.131821 25.28 77647 307200
1341846321.167887 21.54 66185 307200
1341846321.200042 23.50 72184 307200
1341846321.231950 25.07 77006 307200
1341846321.267939 23.13 71062 307200
1341846321.299948 25.16 77284 307200
1341846321.331858 24.74 76010 307200
1341846321.367913 24.37 74855 307200
1341846321.399897 26.30 80784 307200
1341846321.435994 24.49 75222 307200
1341846321.467946 24.87 76393 307200
1341846321.499882 23.55 72332 307200
1341846321.536109 27.67 84997 307200
1341846321.568960 25.67 78844 307200
1341846321.603938 23.04 70764 307200
1341846321.637163 31.35 96297 307200
1341846321.668306 22.34 68617 307200
1341846321.704411 24.25 74506 307200
1341846321.736861 17.38 53400 307200
1341846321.771881 18.30 56217 307200
1341846321.804114 19.50 59919 307200
1341846321.836152 18.96 58257 307200
1341846321.871882 14.39 44210 307200
1341846321.904074 15.54 47744 307200
1341846321.939847 14.00 43014 307200
1341846322.004094 11.58 35572 307200
1341846322.066178 11.38 34972 307200
1341846322.107979 11.12 34166 307200
1341846322.166164 8.40 25801 307200
1341846322.202932 13.89 42668 307200
1341846322.234093 13.02 40004 307200
1341846322.265941 11.94 36668 307200
1341846322.301996 13.46 41350 307200
1341846322.333949 13.32 40913 307200
1341846322.369871 19.02 58416 307200
1341846322.402292 19.99 61423 307200
1341846322.433955 29.42 90391 307200
1341846322.470030 18.40 56534 307200
1341846322.502433 16.73 51406 307200
1341846322.534002 12.70 39021 307200
1341846322.570196 14.94 45911 307200
1341846322.601920 16.49 50664 307200
1341846322.638119 19.45 59763 307200
1341846322.669947 15.15 46532 307200
1341846322.702026 9.24 28398 307200
1341846322.738006 7.19 22082 307200
1341846322.770087 10.02 30792 307200
1341846322.806047 12.67 38918 307200
1341846322.838063 7.51 23062 307200
1341846322.870081 12.41 38126 307200
1341846322.906018 16.33 50158 307200
1341846322.938349 13.25 40708 307200
1341846322.970069 12.11 37214 307200
1341846323.011820 12.49 38382 307200
1341846323.073951 9.82 30163 307200
1341846323.105962 9.94 30549 307200
1341846323.138158 6.57 20181 307200
1341846323.174092 8.10 24895 307200
1341846323.206059 8.48 26062 307200
1341846323.238053 8.40 25811 307200
1341846323.273997 10.79 33136 307200
1341846323.305946 11.17 34300 307200
1341846323.342027 15.86 48727 307200
1341846323.374048 18.08 55529 307200
1341846323.405987 11.62 35687 307200
1341846323.441956 10.55 32411 307200
1341846323.473878 10.26 31533 307200
1341846323.506129 7.10 21805 307200
1341846323.541972 6.15 18896 307200
1341846323.573913 12.76 39187 307200
1341846323.609927 12.45 38244 307200
1341846323.642014 5.19 15935 307200
1341846323.674081 10.82 33250 307200
1341846323.710069 7.74 23777 307200
1341846323.742111 10.53 32358 307200
1341846323.774928 9.46 29050 307200
1341846323.810012 7.83 24067 307200
1341846323.842207 6.32 19421 307200
1341846323.878019 4.52 13887 307200
1341846323.909826 9.31 28597 307200
1341846323.942459 11.76 36114 307200
1341846323.978055 7.00 21497 307200
1341846324.015934 10.66 32741 307200
