# timestamp inlier_ratio num_inliers num_total_matches
1341846313.654184 0.808581 245 303
1341846313.686156 0.827465 235 284
1341846313.721918 0.853659 245 287
1341846313.753994 0.838710 234 279
1341846313.789969 0.865248 244 282
1341846313.822075 0.821168 225 274
1341846313.853928 0.826087 209 253
1341846313.890011 0.793103 207 261
1341846313.922055 0.858921 207 241
1341846313.957927 0.794872 155 195
1341846313.990058 0.876147 191 218
1341846314.022042 0.786730 166 211
1341846314.057816 0.837321 175 209
1341846314.089801 0.799145 187 234
1341846314.122037 0.800000 180 225
1341846314.157989 0.845411 175 207
1341846314.190094 0.842520 214 254
1341846314.225969 0.807377 197 244
1341846314.257923 0.900735 245 272
1341846314.290052 0.845238 213 252
1341846314.325981 0.828000 207 250
1341846314.357905 0.833333 200 240
1341846314.389899 0.817021 192 235
1341846314.427905 0.836283 189 226
1341846314.493987 0.811538 211 260
1341846314.526085 0.786561 199 253
1341846314.558292 0.767347 188 245
1341846314.594085 0.799308 231 289
1341846314.626096 0.814126 219 269
1341846314.658455 0.817857 229 280
1341846314.694004 0.729839 181 248
1341846314.725910 0.709677 176 248
1341846314.761942 0.761290 236 310
1341846314.794030 0.762542 228 299
1341846314.826092 0.732203 216 295
1341846314.862145 0.708185 199 281
1341846314.894072 0.699275 193 276
1341846314.925969 0.729630 197 270
1341846314.961937 0.682482 187 274
1341846314.994564 0.794521 232 292
1341846315.029900 0.740876 203 274
1341846315.061965 0.815534 252 309
1341846315.094388 0.753994 236 313
1341846315.129851 0.741830 227 306
1341846315.161941 0.693227 174 251
1341846315.197984 0.761290 236 310
1341846315.230076 0.731959 213 291
1341846315.262069 0.757576 225 297
1341846315.298000 0.687898 216 314
1341846315.329931 0.720307 188 261
1341846315.361981 0.686131 188 274
1341846315.397962 0.701068 197 281
1341846315.429923 0.686411 197 287
1341846315.466047 0.671233 196 292
1341846315.497883 0.644689 176 273
1341846315.530008 0.833333 270 324
1341846315.566108 0.746795 233 312
1341846315.597986 0.750000 237 316
1341846315.630109 0.754717 240 318
1341846315.666042 0.740876 203 274
1341846315.698114 0.641509 170 265
1341846315.733985 0.813814 271 333
1341846315.766041 0.765432 248 324
1341846315.798188 0.754045 233 309
1341846315.834140 0.740741 240 324
1341846315.866751 0.755776 229 303
1341846315.898492 0.758170 232 306
1341846315.936901 0.738806 198 268
1341846315.966572 0.707317 203 287
1341846316.034204 0.725000 203 280
1341846316.066113 0.731225 185 253
1341846316.101867 0.721116 181 251
1341846316.134066 0.687719 196 285
1341846316.202049 0.683824 186 272
1341846316.233979 0.711027 187 263
1341846316.270052 0.717949 196 273
1341846316.301915 0.702509 196 279
1341846316.334208 0.687023 180 262
1341846316.370006 0.678161 177 261
1341846316.401994 0.832827 274 329
1341846316.438069 0.795918 234 294
1341846316.470076 0.704225 200 284
1341846316.502034 0.692857 194 280
1341846316.537975 0.753289 229 304
1341846316.570121 0.740000 222 300
1341846316.601885 0.755245 216 286
1341846316.638009 0.743772 209 281
1341846316.669925 0.708904 207 292
1341846316.705941 0.719472 218 303
1341846316.738062 0.744966 222 298
1341846316.770433 0.769759 224 291
1341846316.805932 0.775000 248 320
1341846316.838029 0.740385 231 312
1341846316.870034 0.749216 239 319
1341846316.906344 0.723926 236 326
1341846316.937940 0.721519 228 316
1341846316.973994 0.717325 236 329
1341846317.005913 0.726984 229 315
1341846317.037936 0.705015 239 339
1341846317.073972 0.701299 216 308
1341846317.106113 0.695804 199 286
1341846317.137887 0.585185 158 270
1341846317.173970 0.770083 278 361
1341846317.205887 0.754190 270 358
1341846317.248131 0.727778 262 360
1341846317.306289 0.659509 215 326
1341846317.348137 0.651376 213 327
1341846317.410120 0.646875 207 320
1341846317.442569 0.753125 241 320
1341846317.474010 0.676647 226 334
1341846317.509927 0.708709 236 333
1341846317.542282 0.706553 248 351
1341846317.573943 0.696429 234 336
1341846317.610159 0.673267 204 303
1341846317.643553 0.750725 259 345
1341846317.677993 0.738235 251 340
1341846317.709996 0.728395 236 324
1341846317.741834 0.719880 239 332
1341846317.777923 0.694190 227 327
1341846317.810021 0.725076 240 331
1341846317.841886 0.698507 234 335
1341846317.878017 0.680851 224 329
1341846317.909910 0.767500 307 400
1341846317.946031 0.756345 298 394
1341846317.978041 0.747989 279 373
1341846318.009897 0.751323 284 378
1341846318.045949 0.742466 271 365
1341846318.078074 0.710059 240 338
1341846318.109894 0.746114 288 386
1341846318.145957 0.743523 287 386
1341846318.178001 0.719072 279 388
1341846318.214074 0.689459 242 351
1341846318.245970 0.728972 312 428
1341846318.278018 0.720379 304 422
1341846318.313937 0.610215 227 372
1341846318.345989 0.684091 301 440
1341846318.382046 0.673563 293 435
1341846318.414072 0.666667 272 408
1341846318.446035 0.688202 245 356
1341846318.482196 0.623229 220 353
1341846318.514144 0.812950 339 417
1341846318.546259 0.738035 293 397
1341846318.582042 0.715711 287 401
1341846318.614115 0.731343 294 402
1341846318.650038 0.710183 272 383
1341846318.682350 0.680000 255 375
1341846318.714063 0.696477 257 369
1341846318.749905 0.720670 258 358
1341846318.782036 0.723724 241 333
1341846318.814121 0.747423 290 388
1341846318.850072 0.702632 267 380
1341846318.883516 0.578947 198 342
1341846318.918047 0.533613 127 238
1341846318.950044 0.636364 245 385
1341846318.982028 0.694382 309 445
1341846319.018123 0.633027 276 436
1341846319.050745 0.623932 219 351
1341846319.081905 0.594771 273 459
1341846319.117976 0.604863 199 329
1341846319.150093 0.736842 252 342
1341846319.186069 0.780120 259 332
1341846319.218149 0.697761 187 268
1341846319.250034 0.659389 151 229
1341846319.286594 0.745192 155 208
1341846319.318034 0.804781 202 251
1341846319.350268 0.779116 194 249
1341846319.386163 0.796364 219 275
1341846319.418386 0.753472 217 288
1341846319.453961 0.798851 278 348
1341846319.486271 0.779370 272 349
1341846319.554083 0.707317 290 410
1341846319.586296 0.731809 352 481
1341846319.622031 0.665281 320 481
1341846319.653962 0.697842 388 556
1341846319.686352 0.695730 391 562
1341846319.721992 0.711896 383 538
1341846319.754063 0.666012 339 509
1341846319.786397 0.683426 367 537
1341846319.822008 0.674074 364 540
1341846319.853917 0.666045 357 536
1341846319.889942 0.684882 376 549
1341846319.922039 0.659004 344 522
1341846319.953946 0.673624 355 527
1341846319.990054 0.702170 356 507
1341846320.028122 0.669421 324 484
1341846320.090047 0.665263 316 475
1341846320.122011 0.676113 334 494
1341846320.157952 0.684647 330 482
1341846320.190003 0.631347 286 453
1341846320.221941 0.757812 388 512
1341846320.258015 0.753479 379 503
1341846320.289887 0.735632 256 348
1341846320.321954 0.697674 300 430
1341846320.357890 0.786600 317 403
1341846320.390064 0.653061 288 441
1341846320.426544 0.618812 250 404
1341846320.458122 0.727749 278 382
1341846320.490186 0.607784 203 334
1341846320.525911 0.665783 251 377
1341846320.558091 0.710046 311 438
1341846320.594093 0.657895 250 380
1341846320.631955 0.738609 308 417
1341846320.664916 0.762836 312 409
1341846320.699927 0.707379 278 393
1341846320.731822 0.716484 326 455
1341846320.763877 0.584718 176 301
1341846320.799999 0.623932 219 351
1341846320.831871 0.426426 142 333
1341846320.863887 0.562963 228 405
1341846320.900014 0.594595 330 555
1341846320.931889 0.672269 400 595
1341846320.967866 0.648438 332 512
1341846321.000017 0.680328 415 610
1341846321.031860 0.704017 333 473
1341846321.068047 0.718045 382 532
1341846321.099840 0.738095 372 504
1341846321.131821 0.679513 335 493
1341846321.167887 0.737052 370 502
1341846321.200042 0.752515 374 497
1341846321.231950 0.755889 353 467
1341846321.267939 0.713987 342 479
1341846321.299948 0.701432 343 489
1341846321.331858 0.722567 349 483
1341846321.367913 0.659091 319 484
1341846321.399897 0.678801 317 467
1341846321.435994 0.702929 336 478
1341846321.467946 0.723447 361 499
1341846321.499882 0.701987 318 453
1341846321.536109 0.634204 267 421
1341846321.568960 0.698502 373 534
1341846321.603938 0.705202 366 519
1341846321.637163 0.566434 243 429
1341846321.668306