1341846313592026112.000000 0.000000000 0.000000000 0.000000000 -0.000000000 -0.000000000 -0.000000000 1.000000000
1341846314225969152.000000 0.138289273 0.029375004 0.009541712 -0.012943912 0.025334053 0.019412277 0.999406755
1341846314427905024.000000 0.172858745 0.025939152 0.013720069 -0.014353721 0.036875296 0.013434832 0.999126494
1341846314558291968.000000 0.198068157 0.021311993 0.013790821 -0.014588390 0.050770476 0.004366750 0.998594284
1341846314961936896.000000 0.272467792 0.032342207 0.002031748 -0.004064874 0.083579242 0.023944661 0.996205151
1341846315029900032.000000 0.301213264 0.019609731 0.010941107 -0.009387141 0.085478067 0.022761948 0.996035755
1341846315161940992.000000 0.310380131 0.038538709 -0.004906998 -0.007812588 0.088131279 0.026572526 0.995723724
1341846315497883136.000000 0.367712051 0.026916981 0.015478211 -0.010392043 0.082320072 0.041464061 0.995688796
1341846315698113792.000000 0.393874943 0.044854701 -0.006517522 -0.014861993 0.090109505 0.041144039 0.994970679
1341846316370006016.000000 0.273839772 -0.002704426 0.009491636 -0.002099453 0.092923269 0.023592982 0.995391488
1341846317137886976.000000 0.086555727 -0.015448289 0.019197520 0.026330903 0.060505040 0.036296327 0.997160196
1341846317410119936.000000 0.040556550 -0.010930009 0.023270307 0.033610843 0.042178728 0.052988548 0.997137666
1341846317610158848.000000 -0.002152929 -0.021021144 0.030542318 0.045381166 0.041586712 0.061169196 0.996227622
1341846317878017024.000000 -0.076997347 -0.007694698 0.036460206 0.047473013 0.031922042 0.057290122 0.996717215
1341846318078073856.000000 -0.129820511 -0.013822532 0.038952578 0.051276833 0.033465382 0.050404023 0.996850193
1341846318214073856.000000 -0.165715203 -0.020592365 0.047726367 0.049810939 0.026513305 0.041002437 0.997564375
1341846318313936896.000000 -0.195115298 -0.023744112 0.048933432 0.058355331 0.010968857 0.042066973 0.997348845
1341846318482195968.000000 -0.235118091 -0.025538916 0.042836733 0.066888429 -0.019836623 0.040185697 0.996753514
1341846318782035968.000000 -0.314776331 -0.030244468 0.036045026 0.070636243 -0.024507394 0.037734598 0.996486843
1341846318883516160.000000 -0.347063869 -0.042932272 0.027113317 0.073219083 -0.042221218 0.032323536 0.995897353
1341846318918046976.000000 -0.369665802 -0.038987335 0.025415208 0.076626062 -0.052795097 0.032172300 0.995141208
1341846318950043904.000000 -0.366114587 -0.047633953 0.018070428 0.077655487 -0.063821271 0.030162793 0.994478106
1341846319050745088.000000 -0.389414847 -0.046945352 0.017893871 0.080406882 -0.079384498 0.025307154 0.993273616
1341846319117976064.000000 -0.407423049 -0.037911773 0.016446406 0.088934079 -0.078408077 0.027982729 0.992552221
1341846319150093056.000000 -0.413072437 -0.042089108 0.017115638 0.090459391 -0.083074726 0.035522990 0.991793275
1341846319350267904.000000 -0.449941218 -0.028547101 0.024665430 0.083024643 -0.069276862 0.046927262 0.993028462
1341846319418385920.000000 -0.461565256 -0.029153215 0.004079793 0.085599706 -0.079040445 0.056015939 0.991608560
1341846319554083072.000000 -0.499265552 -0.027339753 0.021774318 0.080527790 -0.086886376 0.049819909 0.991707623
1341846320190002944.000000 -0.536001921 -0.036014855 0.030371580 0.075858787 -0.124733783 0.050967008 0.987972319
1341846320289886976.000000 -0.507685304 -0.048422121 0.030986339 0.088486150 -0.121751964 0.056355767 0.987000883
1341846320321954048.000000 -0.497857749 -0.042771213 0.043537647 0.098102488 -0.123192444 0.055383235 0.985967696
1341846320390064128.000000 -0.460513383 -0.036767136 0.018958613 0.104670078 -0.119797342 0.056584924 0.985642433
1341846320426543872.000000 -0.443591595 -0.037309486 0.045781806 0.107569531 -0.113168389 0.053252608 0.986299098
1341846320699927040.000000 -0.338529557 -0.039808061 0.031148601 0.120066121 -0.069834590 0.036579452 0.989630878
1341846320799998976.000000 -0.315621257 -0.031041978 0.024571193 0.113093890 -0.062923744 0.031317081 0.991095185
1341846320831870976.000000 -0.255814761 -0.040921982 0.017245729 0.114261381 -0.055630546 0.027968058 0.991497576
1341846320863887104.000000 -0.316573828 -0.012028186 0.029696137 0.114856787 -0.042079322 0.026804928 0.992128372
1341846320900013824.000000 -0.302465200 -0.029724356 0.035406098 0.106811941 -0.047763664 0.032581259 0.992596745
1341846321536109056.000000 -0.090392321 -0.030749610 0.024910387 0.107087150 0.000179263 0.001600570 0.994248331
1341846321637163008.000000 -0.065649442 -0.022812853 0.012888558 0.098374180 0.013455926 -0.001473565 0.995057404
1341846322433955072.000000 -0.020670351 -0.150957584 0.070193350 0.054292925 0.024374124 -0.001830534 0.998225868
1341846322638118912.000000 0.004972171 -0.220131963 0.070872411 0.097296707 0.009002366 0.011510989 0.995148122
1341846322770086912.000000 0.012643062 -0.256597698 0.079664975 0.106177732 0.011740847 0.014162580 0.994176984
1341846322870081024.000000 0.007305162 -0.286761373 0.079637155 0.113551185 0.002572977 0.018868824 0.993349671
1341846323342027008.000000 0.043968547 -0.355588347 0.099974975 0.087754793 -0.000044223 0.018038213 0.995978773
1341846323374048000.000000 0.015465542 -0.360615611 0.103290662 0.088365234 0.005300527 0.018508768 0.995902061
1341846323573913088.000000 0.054501906 -0.407754689 0.088271014 0.093372546 0.000319305 0.014911301 0.995519519
1341846323710068992.000000 0.025422977 -0.445880890 0.095560484 0.094000325 0.006519389 0.017889207 0.995390058
1341846323810012160.000000 0.030292783 -0.457197458 0.085172549 0.103424713 0.000998518 0.012887289 0.994553268
1341846323942459136.000000 0.026537675 -0.482806593 0.083214827 0.112554967 -0.001116591 -0.001172519 0.993644178
