1341846313.592026 0.0000000 0.0000000 0.0000000 -0.0000000 -0.0000000 -0.0000000 1.0000000
1341846314.225969 0.1382893 0.0293750 0.0095417 -0.0129439 0.0253341 0.0194123 0.9994068
1341846314.427905 0.1728587 0.0259392 0.0137201 -0.0143537 0.0368753 0.0134348 0.9991265
1341846314.558292 0.1980682 0.0213120 0.0137908 -0.0145884 0.0507705 0.0043667 0.9985943
1341846314.961937 0.2724678 0.0323422 0.0020317 -0.0040649 0.0835792 0.0239447 0.9962052
1341846315.029900 0.3012133 0.0196097 0.0109411 -0.0093871 0.0854781 0.0227619 0.9960358
1341846315.161941 0.3103801 0.0385387 -0.0049070 -0.0078126 0.0881313 0.0265725 0.9957237
1341846315.497883 0.3677121 0.0269170 0.0154782 -0.0103920 0.0823201 0.0414641 0.9956888
1341846315.698114 0.3938749 0.0448547 -0.0065175 -0.0148620 0.0901095 0.0411440 0.9949707
1341846316.370006 0.2738398 -0.0027044 0.0094916 -0.0020995 0.0929233 0.0235930 0.9953915
1341846317.137887 0.0865557 -0.0154483 0.0191975 0.0263309 0.0605050 0.0362963 0.9971602
1341846317.410120 0.0405566 -0.0109300 0.0232703 0.0336108 0.0421787 0.0529885 0.9971377
1341846317.610159 -0.0021529 -0.0210211 0.0305423 0.0453812 0.0415867 0.0611692 0.9962276
1341846317.878017 -0.0769973 -0.0076947 0.0364602 0.0474730 0.0319220 0.0572901 0.9967172
1341846318.078074 -0.1298205 -0.0138225 0.0389526 0.0512768 0.0334654 0.0504040 0.9968502
1341846318.214074 -0.1657152 -0.0205924 0.0477264 0.0498109 0.0265133 0.0410024 0.9975644
1341846318.313937 -0.1951153 -0.0237441 0.0489334 0.0583553 0.0109689 0.0420670 0.9973488
1341846318.482196 -0.2351181 -0.0255389 0.0428367 0.0668884 -0.0198366 0.0401857 0.9967535
1341846318.782036 -0.3147763 -0.0302445 0.0360450 0.0706362 -0.0245074 0.0377346 0.9964868
1341846318.883516 -0.3470639 -0.0429323 0.0271133 0.0732191 -0.0422212 0.0323235 0.9958974
1341846318.918047 -0.3696658 -0.0389873 0.0254152 0.0766261 -0.0527951 0.0321723 0.9951412
1341846318.950044 -0.3661146 -0.0476340 0.0180704 0.0776555 -0.0638213 0.0301628 0.9944781
1341846319.050745 -0.3894148 -0.0469454 0.0178939 0.0804069 -0.0793845 0.0253072 0.9932736
1341846319.117976 -0.4074230 -0.0379118 0.0164464 0.0889341 -0.0784081 0.0279827 0.9925522
1341846319.150093 -0.4130724 -0.0420891 0.0171156 0.0904594 -0.0830747 0.0355230 0.9917933
1341846319.350268 -0.4499412 -0.0285471 0.0246654 0.0830246 -0.0692769 0.0469273 0.9930285
1341846319.418386 -0.4615653 -0.0291532 0.0040798 0.0855997 -0.0790404 0.0560159 0.9916086
1341846319.554083 -0.4992656 -0.0273398 0.0217743 0.0805278 -0.0868864 0.0498199 0.9917076
1341846320.190003 -0.5360019 -0.0360149 0.0303716 0.0758588 -0.1247338 0.0509670 0.9879723
1341846320.289887 -0.5076853 -0.0484221 0.0309863 0.0884861 -0.1217520 0.0563558 0.9870009
1341846320.321954 -0.4978577 -0.0427712 0.0435376 0.0981025 -0.1231924 0.0553832 0.9859677
1341846320.390064 -0.4605134 -0.0367671 0.0189586 0.1046701 -0.1197973 0.0565849 0.9856424
1341846320.426544 -0.4435916 -0.0373095 0.0457818 0.1075695 -0.1131684 0.0532526 0.9862991
1341846320.699927 -0.3385296 -0.0398081 0.0311486 0.1200661 -0.0698346 0.0365795 0.9896309
1341846320.799999 -0.3156213 -0.0310420 0.0245712 0.1130939 -0.0629237 0.0313171 0.9910952
1341846320.831871 -0.2558148 -0.0409220 0.0172457 0.1142614 -0.0556305 0.0279681 0.9914976
1341846320.863887 -0.3165738 -0.0120282 0.0296961 0.1148568 -0.0420793 0.0268049 0.9921284
1341846320.900014 -0.3024652 -0.0297244 0.0354061 0.1068119 -0.0477637 0.0325813 0.9925967
1341846321.536109 -0.0903923 -0.0307496 0.0249104 0.1070872 0.0001793 0.0016006 0.9942483
1341846321.637163 -0.0656494 -0.0228129 0.0128886 0.0983742 0.0134559 -0.0014736 0.9950574
1341846322.433955 -0.0206704 -0.1509576 0.0701934 0.0542929 0.0243741 -0.0018305 0.9982259
1341846322.638119 0.0049722 -0.2201320 0.0708724 0.0972967 0.0090024 0.0115110 0.9951481
1341846322.770087 0.0126431 -0.2565977 0.0796650 0.1061777 0.0117408 0.0141626 0.9941770
1341846322.870081 0.0073052 -0.2867614 0.0796372 0.1135512 0.0025730 0.0188688 0.9933497
1341846323.342027 0.0439685 -0.3555883 0.0999750 0.0877548 -0.0000442 0.0180382 0.9959788
1341846323.374048 0.0154655 -0.3606156 0.1032907 0.0883652 0.0053005 0.0185088 0.9959021
1341846323.573913 0.0545019 -0.4077547 0.0882710 0.0933725 0.0003193 0.0149113 0.9955195
1341846323.710069 0.0254230 -0.4458809 0.0955605 0.0940003 0.0065194 0.0178892 0.9953901
1341846323.810012 0.0302928 -0.4571975 0.0851725 0.1034247 0.0009985 0.0128873 0.9945533
1341846323.942459 0.0265377 -0.4828066 0.0832148 0.1125550 -0.0011166 -0.0011725 0.9936442
