0.0180
0.0216
0.0219
0.0273
0.0168
0.0196
0.0188
0.0157
0.0156
0.0134
0.0173
0.0166
0.0221
0.0162
0.0294
0.0153
0.0174
0.0162
0.0165
0.0182
0.0148
0.0151
0.0164
0.0189
0.0190
0.0183
0.0222
0.0143
0.0144
0.0212
0.0223
0.0368
0.0302
0.0450
0.0299
0.0280
0.0237
0.0285
0.0237
0.0303
0.0331
0.0231
0.0302
0.0229
0.0240
0.0283
0.0263
0.0254
0.0239
0.0247
0.0330
0.0295
0.0250
0.0285
0.0328
0.0266
0.0359
0.0299
0.0307
0.0394
0.0287
0.0271
0.0283
0.0256
0.0326
0.0327
0.0247
0.0477
0.0353
0.0434
0.0412
0.0390
0.0337
0.0447
0.0427
0.0449
0.0337
0.0274
0.0258
0.0337
0.0404
0.0272
0.0337
0.0360
0.0347
0.0366
0.0435
0.0456
0.0415
0.0292
0.0390
0.0426
0.0449
0.0398
0.0378
0.0390
0.0428
0.0372
0.0425
0.0413
0.0390
0.0543
0.0359
0.0482
0.0341
0.0394
0.0295
0.0342
0.0340
0.0352
0.0260
0.0440
0.0317
0.0509
0.0468
0.0388
0.0365
0.0464
0.0451
0.0448
0.0450
0.0407
0.0269
0.0350
0.0303
0.0481
0.0257
0.0262
0.0438
0.0251
0.0262
0.0497
0.0283
0.0276
0.0262
0.0296
0.0337
0.0294
0.0525
0.0571
0.0311
0.0387
0.0508
0.0281
0.0349
0.0290
0.0290
0.0448
0.0390
0.0401
0.0290
0.0345
0.0533
0.0326
0.0308
0.0525
0.0277
0.0396
0.0413
0.0279
0.0503
0.0332
0.0431
0.0414
0.0361
0.0377
0.0422
0.0520
0.0334
0.0327
0.0337
0.0493
0.0419
0.0558
0.0469
0.0598
0.0575
0.0322
0.0439
0.0401
0.0239
0.0242
0.0333
0.0302
0.0263
0.0413
0.0381
0.0249
0.0444
0.0242
0.0417
0.0270
0.0310
0.0254
0.0391
0.0457
0.0554
0.0312
0.0433
0.0298
0.0526
0.0438
0.0360
0.0475
0.0344
0.0481
0.0306
0.0407
0.0475
0.0552
0.0576
0.0355
0.0355
0.0307
0.0366
0.0376
0.0600
0.0378
0.0363
0.0254
0.0286
0.0251
0.0488
0.0349
0.0268
0.0242
0.0302
0.0454
0.0388
0.0320
0.0355
0.0278
0.0277
0.0598
0.0414
0.0450
0.0258
0.0566
0.0291
0.0478
0.0479
0.0324
0.0330
0.0275
0.0268
0.0335
0.0252
0.0251
0.0280
0.0292
0.0272
0.0259
0.0294
0.0373
0.0281
0.0297
0.0326
0.0397
0.0285
0.0429
0.0300
0.0433
0.0247
0.0240
0.0501
0.0359
0.0357
0.0311
0.0540
0.0254
0.0380
0.0429
0.0323
0.0262
0.0387
0.0368
0.0339
0.0251
0.0266
0.0324
0.0357
0.0424
0.0555
0.0529
0.0258
0.0313
0.0286
0.0326
0.0362
0.0277
0.0316
0.0437
0.0284
0.0260
0.0279
0.0483
0.0324
0.0273
0.0227
0.0441
