##[Gaussian Mapper]Iteration 1881 keyframe id, used times, remaining times:
0 46 1
1 47 0
2 47 0
3 47 0
4 47 0
5 47 0
6 47 0
7 47 0
8 47 0
9 46 1
10 47 0
11 46 1
12 47 0
13 47 0
14 46 0
15 46 0
16 45 1
17 44 1
18 45 0
19 45 0
20 45 0
21 44 0
22 43 1
23 44 0
24 43 1
25 34 0
26 31 0
27 30 0
28 28 1
29 28 0
30 27 1
31 27 1
32 26 1
33 26 0
34 26 0
35 25 0
36 24 0
37 22 1
38 23 0
39 23 0
40 23 0
41 22 1
42 22 0
43 22 0
44 22 0
45 17 0
46 16 0
47 13 0
48 12 0
49 10 1
50 10 1
51 9 1
52 10 0
53 10 0
54 9 0
55 9 0
56 9 0
57 8 0
58 7 1
59 8 0
60 8 0
61 6 1
62 6 1
63 6 1
64 7 0
65 6 0
66 5 1
67 6 0
68 5 1
69 5 1
70 5 0
71 3 0
##=========================================
