1548339959.129720 0.000000000 0.000000000 0.000000000 -0.000000000 -0.000000000 -0.000000000 1.000000000
1548339959.163130 -0.003411025 -0.001049340 -0.001055353 0.000586885 0.000107214 -0.001173077 0.999999166
1548339959.195850 -0.000443534 -0.001991923 -0.001912988 0.001379615 -0.000495452 -0.002783392 0.999995053
1548339959.229360 -0.001485793 -0.000709920 -0.002643005 0.002683646 0.000227179 -0.004597917 0.999985814
1548339959.263210 -0.001307605 -0.002672192 -0.004155571 0.003346081 0.000771477 -0.005170438 0.999980748
1548339959.330250 -0.007116430 0.003950258 -0.007058303 0.005806635 0.000587457 -0.006287248 0.999963224
1548339959.363520 -0.008253594 0.004304537 -0.007527493 0.005747688 -0.000448768 -0.005038503 0.999970734
1548339959.430550 -0.006415361 0.011506296 -0.012015538 0.004398627 -0.004036524 -0.003874637 0.999974728
1548339959.464010 -0.012491644 0.007148972 -0.010417074 0.002295201 -0.003502335 -0.002458203 0.999988198
1548339959.497580 -0.008238486 0.007740342 -0.011343159 0.000603619 -0.006037471 -0.002104521 0.999979377
1548339959.531100 -0.002199641 0.004188585 -0.011397495 -0.001536903 -0.008574758 -0.002666455 0.999958515
1548339959.564660 0.001340645 0.005079817 -0.014137985 -0.002365376 -0.009025216 -0.003862439 0.999949038
1548339959.598180 -0.014260142 -0.004445725 -0.012544367 -0.004500275 -0.007616450 -0.003695186 0.999954045
1548339959.631780 0.001491770 -0.008688726 -0.011069340 -0.005071945 -0.012841309 -0.005098295 0.999891698
1548339959.665330 -0.002914100 -0.006096879 -0.012609364 -0.004097209 -0.010988823 -0.007979136 0.999899387
1548339959.698850 -0.020791380 -0.009391003 -0.012243317 -0.003988058 -0.009296285 -0.006215249 0.999929547
1548339959.732370 -0.017065646 -0.013741778 -0.015418655 -0.003978002 -0.015104462 -0.006632891 0.999855995
1548339959.765890 -0.000021003 0.003209205 -0.014260331 -0.000966583 -0.018772224 -0.010008114 0.999773264
1548339959.799400 -0.010904491 -0.001164734 -0.017836191 -0.001584289 -0.016478634 -0.008793191 0.999824286
1548339959.832910 -0.001030392 0.006023384 -0.021187251 -0.000679308 -0.019925941 -0.009087772 0.999759972
1548339959.866430 0.001851231 0.009070943 -0.025030291 -0.001273103 -0.018604403 -0.011071780 0.999764800
1548339959.899950 -0.015616026 0.003360884 -0.024561342 -0.003407285 -0.015866963 -0.009095432 0.999826908
1548339959.933480 -0.000323590 0.004806843 -0.025055669 -0.004445978 -0.020752164 -0.009864302 0.999726117
1548339959.966990 0.002631221 0.007940130 -0.027961198 -0.005404846 -0.020126168 -0.012748665 0.999701560
1548339960.000510 -0.004620719 0.010285172 -0.027490238 -0.006576756 -0.017680960 -0.012406965 0.999745071
1548339960.034040 -0.005322755 0.012594101 -0.027068099 -0.007674061 -0.016754378 -0.013437213 0.999739885
1548339960.067560 -0.004891963 0.017152889 -0.026741097 -0.008362041 -0.015872570 -0.013448744 0.999748588
1548339960.101080 0.000335464 0.007660846 -0.026668601 -0.010880773 -0.016507043 -0.012278127 0.999729216
1548339960.134600 -0.004531540 0.009257037 -0.026225580 -0.011074267 -0.016304661 -0.012574162 0.999726713
1548339960.168120 -0.011518979 0.007799545 -0.028931430 -0.011674048 -0.014196003 -0.012273992 0.999755740
1548339960.201680 -0.012908014 0.018758342 -0.028742267 -0.010575630 -0.013167837 -0.011994654 0.999785423
1548339960.235260 -0.011710343 0.020729309 -0.028721703 -0.010421615 -0.012016647 -0.011831478 0.999803483
1548339960.269020 -0.014616853 0.019869393 -0.030059444 -0.010643896 -0.009932951 -0.010517610 0.999838710
1548339960.302680 -0.012877459 0.030613273 -0.030268360 -0.009291531 -0.009924280 -0.010024787 0.999857366
1548339960.336260 0.003139875 0.028232336 -0.034910906 -0.010368611 -0.010737545 -0.010005032 0.999838591
1548339960.369790 0.003858415 0.017629730 -0.033340394 -0.013344131 -0.009506147 -0.009293175 0.999822617
1548339960.403300 0.016323179 0.028898008 -0.035531119 -0.013070216 -0.011246094 -0.009413272 0.999807000
1548339960.436820 0.016608126 0.033581566 -0.038805701 -0.014633799 -0.009507804 -0.010808551 0.999789298
1548339960.470350 -0.000674742 0.033532418 -0.034027778 -0.017393643 -0.005276931 -0.010261210 0.999782145
1548339960.503900 -0.030445121 0.045300182 -0.031448759 -0.018058864 -0.000156132 -0.011433750 0.999771535
1548339960.537460 -0.029651927 0.042881973 -0.029742252 -0.020478882 0.001143287 -0.011335481 0.999725401
1548339960.570980 -0.024109682 0.036953706 -0.026191408 -0.022514781 0.000677333 -0.010065110 0.999695599
1548339960.604500 -0.034979861 0.029374072 -0.026728705 -0.023622388 0.001630668 -0.010028112 0.999669313
1548339960.638160 -0.038643122 0.022258842 -0.024239866 -0.023718089 0.002508453 -0.009611625 0.999669313
1548339960.671730 -0.038013425 0.010139374 -0.020154657 -0.023654442 0.001174562 -0.007437651 0.999691844
1548339960.705240 -0.029210046 0.002873285 -0.018603332 -0.022085281 -0.003394674 -0.007902887 0.999719143
1548339960.738760 -0.042325184 -0.000295894 -0.018519817 -0.019286454 -0.003451203 -0.009135915 0.999766290
1548339960.772280 -0.032885149 -0.006072440 -0.017817164 -0.016714159 -0.006734155 -0.008778236 0.999799073
1548339960.805820 -0.024071457 -0.003172282 -0.016102260 -0.012682253 -0.009653077 -0.009758659 0.999825358
1548339960.839340 -0.024423342 -0.007864958 -0.015780862 -0.010229421 -0.009762690 -0.009752922 0.999852479
1548339960.872820 -0.028823439 -0.016270576 -0.012194808 -0.008810785 -0.010058819 -0.008875164 0.999871194
1548339960.906340 -0.010210195 -0.018955048 -0.015822373 -0.006202672 -0.014501002 -0.007915909 0.999844313
1548339960.939860 -0.012067539 -0.017111028 -0.014846604 -0.003428016 -0.014842079 -0.007506711 0.999855816
1548339960.973170 -0.019748317 -0.012623173 -0.015194640 -0.000142618 -0.015014450 -0.006834399 0.999863923
1548339961.006680 -0.004733404 -0.017762618 -0.014095813 0.001514223 -0.019443097 -0.005550205 0.999794424
1548339961.040040 -0.002449339 -0.003780219 -0.014028179 0.005057825 -0.019807301 -0.005634362 0.999775171
1548339961.073430 -0.007559652 -0.012890331 -0.013071607 0.004683162 -0.018324161 -0.004231799 0.999812186
1548339961.106930 -0.005927963 -0.015813623 -0.013552431 0.005584034 -0.018988268 -0.003397207 0.999798357
1548339961.140440 0.000095330 -0.010528808 -0.013137506 0.007472731 -0.019193109 -0.003743063 0.999780893
1548339961.173940 0.020126145 -0.011533843 -0.015888477 0.008028767 -0.021146784 -0.002807247 0.999740183
1548339961.207460 0.006370325 -0.018602485 -0.014221516 0.007460773 -0.018333027 -0.002551420 0.999800861
1548339961.240980 0.007156558 -0.007824057 -0.016260430 0.009598640 -0.017680362 -0.003189885 0.999792576
1548339961.274490 0.007461887 -0.012076582 -0.015900092 0.008861460 -0.017189100 -0.002420236 0.999810040
1548339961.308010 0.009251385 -0.008993518 -0.016831445 0.008381851 -0.017714068 -0.002667307 0.999804437
1548339961.341520 0.010973885 -0.000426057 -0.017307350 0.007879013 -0.017040070 -0.004468960 0.999813795
1548339961.375040 0.011640194 -0.001624067 -0.014476204 0.005956241 -0.015331867 -0.003243551 0.999859452
1548339961.408540 0.003620368 0.005696693 -0.011456880 0.004836777 -0.013584387 -0.003746168 0.999889016
1548339961.441980 0.024546305 0.024064111 -0.014099530 0.004135132 -0.015043802 -0.005788671 0.999861538
1548339961.474800 0.027008981 0.017444102 -0.009970158 0.000860039 -0.012549520 -0.004945671 0.999908686
1548339961.508300 0.013671110 0.020201392 -0.008981959 -0.000669232 -0.008823480 -0.004782805 0.999949455
1548339961.541820 0.022589762 0.025611987 -0.007197324 -0.002674645 -0.008777476 -0.005401705 0.999943316
1548339961.575330 0.007666128 0.010484244 -0.009498375 -0.007065217 -0.004388027 -0.004405091 0.999955714
1548339961.608850 0.015255101 0.016236978 -0.004345438 -0.007458984 -0.004450115 -0.003301969 0.999956846
1548339961.642370 0.012007919 0.016913664 -0.003235342 -0.008599596 -0.003222656 -0.004134745 0.999949276
1548339961.676120 0.016839709 0.017870527 -0.005163145 -0.009276310 -0.003061017 -0.003898448 0.999944687
1548339961.709650 0.014778746 0.017803330 -0.007385832 -0.009876313 -0.002074734 -0.003772549 0.999942005
1548339961.743160 0.012403165 0.014787215 -0.005433523 -0.010877262 -0.002015330 -0.003778117 0.999931693
1548339961.776660 0.007518311 0.015848288 -0.005215542 -0.011351113 -0.001887510 -0.004983530 0.999921381
1548339961.810140 0.011742303 0.016200198 -0.006462744 -0.011926807 -0.002502570 -0.006223993 0.999906421
1548339961.843660 0.010911314 0.013238129 -0.006260189 -0.012011679 -0.003024170 -0.006315760 0.999903381
1548339961.877210 0.007340305 0.014880857 -0.009629861 -0.011802916 -0.003323258 -0.007424534 0.999897301
1548339961.910740 0.004328817 0.019008934 -0.010318407 -0.011646103 -0.002364471 -0.008362512 0.999894440
1548339961.944260 -0.001850469 0.011136668 -0.013004099 -0.012569531 -0.001731725 -0.007171551 0.999893785
1548339961.977780 -0.003993751 0.010614340 -0.013203819 -0.012195084 -0.004227228 -0.006563343 0.999895155
1548339962.011290 0.008550520 0.018904066 -0.014985625 -0.011317242 -0.007020559 -0.007619401 0.999882281
1548339962.044810 -0.001323319 0.016569583 -0.018012984 -0.011617534 -0.006680235 -0.006534767 0.999888837
1548339962.078310 -0.006546333 0.015166055 -0.019158231 -0.012690121 -0.008342137 -0.007835429 0.999853969
1548339962.111790 -0.002124878 0.025256643 -0.019178612 -0.011385615 -0.010166933 -0.008341713 0.999848723
1548339962.145300 -0.010427680 0.022891903 -0.020451834 -0.011987803 -0.010590459 -0.008637621 0.999834776
1548339962.178800 -0.005709885 0.028778482 -0.022597363 -0.011378630 -0.014316966 -0.009391682 0.999788642
1548339962.212320 -0.005829817 0.028889678 -0.020870624 -0.012209201 -0.015777681 -0.011210793 0.999738157
1548339962.245850 -0.019003479 0.027562672 -0.020342771 -0.012842205 -0.015059642 -0.011317181 0.999740064
1548339962.279380 -0.035158675 0.032743119 -0.019364625 -0.012582440 -0.017706472 -0.012190552 0.999689758
1548339962.313060 -0.022021998 0.034654558 -0.021191208 -0.013333315 -0.023517920 -0.013401065 0.999544680
1548339962.346410 -0.029634321 0.039996061 -0.019419556 -0.013350798 -0.024697494 -0.013324811 0.999517024
1548339962.379890 -0.026959272 0.041474290 -0.017382476 -0.014587105 -0.029787119 -0.014908690 0.999338627
1548339962.413390 -0.027995497 0.040555183 -0.017661260 -0.016261190 -0.032443352 -0.016816650 0.999199808
1548339962.446900 -0.026836095 0.043297630 -0.016690059 -0.016874099 -0.035414342 -0.016399613 0.999095678
1548339962.480470 -0.033109307 0.044117775 -0.015188823 -0.018659106 -0.038228881 -0.018891517 0.998916149
1548339962.514300 -0.036105506 0.035151657 -0.009824324 -0.022287250 -0.038307436 -0.020877184 0.998799264
1548339962.547820 -0.036847755 0.041118879 -0.010212310 -0.022625195 -0.039733190 -0.021539895 0.998721898
1548339962.581370 -0.039497685 0.041905493 -0.011346463 -0.023266977 -0.040717419 -0.022624997 0.998643517
1548339962.615000 -0.053630363 0.034543514 -0.007820452 -0.024881257 -0.039733365 -0.023701243 0.998619258
1548339962.648510 -0.037480950 0.059089772 -0.016403323 -0.019553790 -0.045606304 -0.022424271 0.998516321
1548339962.682030 -0.039881822 0.032639787 -0.007457692 -0.024804266 -0.047902260 -0.023767903 0.998261094
1548339962.715510 -0.029483180 0.043789379 -0.008751361 -0.021929864 -0.050727822 -0.022789013 0.998211622
1548339962.749020 -0.044921767 0.039012030 -0.010744864 -0.022006566 -0.052472800 -0.022836858 0.998118639
1548339962.782540 -0.047586713 0.037316915 -0.011312419 -0.021408303 -0.055475798 -0.021942103 0.997989297
1548339962.816020 -0.042736985 0.035707280 -0.007936071 -0.021187114 -0.058195204 -0.021065716 0.997858047
1548339962.849530 -0.040997017 0.033953693 -0.005972695 -0.020630887 -0.061112117 -0.019001709 0.997736752
1548339962.883050 -0.113781452 0.001074776 0.000918622 -0.026304280 -0.051982265 -0.020445026 0.998092175
1548339962.916560 -0.090749189 0.018957846 -0.003665149 -0.022296432 -0.055974238 -0.018730614 0.998007476
1548339962.950080 -0.079759270 0.016052522 -0.001667923 -0.022625178 -0.058623333 -0.017647797 0.997867763
1548339962.983520 -0.085488990 0.021835385 -0.002915178 -0.021096000 -0.059014406 -0.018866016 0.997855902
1548339963.017030 -0.059912916 0.024986286 -0.004145732 -0.019814184 -0.062856227 -0.018521823 0.997654021
1548339963.050510 -0.084507674 0.018678196 -0.000690363 -0.021308282 -0.060641851 -0.020789474 0.997715533
1548339963.084020 -0.069307484 0.013056046 0.000453380 -0.022331702 -0.063903913 -0.021965167 0.997464359
1548339963.117540 -0.074766882 0.011665101 0.001895941 -0.022401547 -0.063354477 -0.023597820 0.997460544
1548339963.151060 -0.101026066 0.015840700 0.003463410 -0.021571727 -0.060881514 -0.025492076 0.997586191
1548339963.184570 -0.109547511 0.006768039 0.001357124 -0.021973671 -0.061616886 -0.026666144 0.997501612
1548339963.218090 -0.097045481 -0.007579458 0.008300907 -0.023058582 -0.065038264 -0.027102711 0.997248113
1548339963.251600 -0.098938875 0.010966215 0.001956039 -0.017464373 -0.066586718 -0.027141012 0.997258544
1548339963.285120 -0.069659851 0.016761145 -0.002713866 -0.013992923 -0.075258940 -0.027579371 0.996684372
1548339963.319010 -0.063952409 0.014563817 -0.002878782 -0.011967567 -0.078192726 -0.028558636 0.996457279
1548339963.352530 -0.074001864 0.016891196 -0.005034746 -0.009458438 -0.078482330 -0.028663130 0.996458471
1548339963.386040 -0.074862331 0.019314708 -0.005923918 -0.007521517 -0.081841499 -0.029359765 0.996184468
1548339963.419690 -0.060760528 0.015624389 0.001834667 -0.007057935 -0.084308244 -0.029205151 0.995986640
1548339963.453200 -0.090604849 0.016785070 -0.009071868 -0.006028258 -0.080358364 -0.029546123 0.996309817
1548339963.486720 -0.096458636 0.021362836 -0.010905347 -0.004438943 -0.083310135 -0.029811777 0.996067762
1548339963.520230 -0.111088030 0.013035570 -0.015006389 -0.004946331 -0.086002983 -0.031513147 0.995784104
1548339963.553750 -0.134764537 -0.006890544 -0.017990546 -0.007794878 -0.089068919 -0.032277923 0.995471835
1548339963.587140 -0.103327952 0.011195495 -0.015195178 -0.005076619 -0.098905332 -0.035273187 0.994458556
1548339963.620650 -0.183326274 0.000198886 -0.040897213 -0.007707727 -0.093923487 -0.039029956 0.994784236
1548339963.654020 -0.097622029 0.011000098 -0.010280350 -0.006576733 -0.112169564 -0.041224744 0.992811799
1548339963.687540 -0.106043011 0.003811149 -0.014828795 -0.008565640 -0.113095805 -0.043117262 0.992611170
1548339963.720980 -0.203786045 0.024969183 -0.030223003 -0.007538191 -0.106173649 -0.047627050 0.993177712
1548339963.754230 -0.152868986 0.017141476 -0.008847144 -0.009535188 -0.120974079 -0.050898500 0.991304040
1548339963.787730 -0.135970086 0.001813095 -0.010867936 -0.013067029 -0.124870799 -0.050611608 0.990795135
1548339963.821130 -0.154266566 -0.011667945 -0.006009495 -0.016488018 -0.125675529 -0.050352633 0.990655541
1548339963.854640 -0.122882046 -0.034417547 0.013767889 -0.019859420 -0.133313432 -0.051025119 0.989560306
1548339963.887990 -0.142439276 -0.033114903 0.013057372 -0.019059628 -0.131440774 -0.051598158 0.989796817
1548339963.921480 -0.146287695 -0.029603571 0.010033565 -0.016919984 -0.134562656 -0.049781028 0.989509225
1548339963.954990 -0.130572885 -0.044422429 0.019718230 -0.016596897 -0.140904620 -0.049476791 0.988646805
1548339963.988510 -0.145916775 -0.023394872 0.023915650 -0.010885943 -0.138669267 -0.050280992 0.989001632
1548339964.021990 -0.145804077 0.004417826 0.023094499 -0.004165150 -0.140766591 -0.044190977 0.989047348
1548339964.055500 -0.148379996 -0.022931159 0.026821574 -0.004598119 -0.145873830 -0.046620049 0.988193452
1548339964.089010 -0.130712360 -0.023249088 0.027358765 -0.001911015 -0.148695633 -0.045170821 0.987848938
1548339964.122520 -0.079404898 -0.018897232 0.028621748 0.000456732 -0.155823663 -0.041148767 0.986927330
1548339964.156040 -0.060646482 -0.020989589 0.028208004 0.000998794 -0.159784496 -0.041372370 0.986284077
1548339964.189560 -0.068091109 -0.021204030 0.030598879 0.000581065 -0.158672556 -0.042763419 0.986404598
1548339964.223070 -0.082880609 -0.028866874 0.030340599 -0.001416381 -0.156120107 -0.045767684 0.986676157
1548339964.256590 -0.089441493 -0.028221985 0.029402796 -0.001892458 -0.156096712 -0.047904365 0.986577630
1548339964.290150 -0.089398548 -0.032716431 0.033077050 -0.003067611 -0.156704471 -0.050804533 0.986333191
1548339964.323770 -0.114046603 -0.040633854 0.035446730 -0.005715368 -0.151848331 -0.055430166 0.986831784
1548339964.357520 -0.104387142 -0.031263009 0.035896063 -0.004821909 -0.152473778 -0.055271283 0.986748993
1548339964.391180 -0.112139881 -0.046714518 0.039981604 -0.008310202 -0.150107592 -0.058745764 0.986887872
1548339964.424710 -0.114565298 -0.040107083 0.040437184 -0.008524382 -0.146843046 -0.058736488 0.987377584
1548339964.458240 -0.113807052 -0.033180617 0.041100811 -0.008448701 -0.144881964 -0.058497474 0.987682104
1548339964.491750 -0.102619477 -0.037843641 0.042531237 -0.010243672 -0.144469410 -0.058664955 0.987715602
1548339964.525270 -0.108265147 -0.036451705 0.042350419 -0.011222173 -0.140964717 -0.059117448 0.988184273
1548339964.558790 -0.108970433 -0.026613019 0.052784782 -0.010775792 -0.138402298 -0.059006143 0.988558054
1548339964.592320 -0.112157874 -0.029367337 0.054232676 -0.011547176 -0.134454921 -0.059478067 0.989065647
1548339964.625840 -0.105416805 -0.036811408 0.055400766 -0.013411898 -0.129823923 -0.058585454 0.989713907
1548339964.659360 -0.102603488 -0.024428573 0.051016584 -0.011948058 -0.126479745 -0.056940999 0.990261555
1548339964.692880 -0.093970962 -0.023242893 0.051505912 -0.012821024 -0.124367833 -0.055962056 0.990573823
1548339964.726440 -0.082454085 -0.019521965 0.055759270 -0.013866877 -0.122318164 -0.055968326 0.990814567
1548339964.759950 -0.082343698 -0.002019430 0.052671652 -0.013623276 -0.118251652 -0.056297027 0.991292894
1548339964.793430 -0.079249039 -0.000150274 0.056827690 -0.016688308 -0.115325890 -0.056591507 0.991573930
1548339964.826950 -0.086572058 0.007123407 0.054750107 -0.019525422 -0.110514693 -0.056971520 0.992048144
1548339964.860500 -0.086830437 0.004753807 0.056521762 -0.023447465 -0.106718630 -0.058089595 0.992313981
1548339964.893980 -0.078105241 0.010807242 0.056072947 -0.025742998 -0.104114369 -0.057910837 0.992544115
1548339964.927480 -0.070356295 0.012056218 0.059626129 -0.028395049 -0.101047605 -0.057434723 0.992816389
1548339964.960790 -0.074779309 0.010729016 0.058403809 -0.030702652 -0.096007995 -0.057774033 0.993228078
1548339964.994120 -0.075196244 0.017133333 0.060245361 -0.030941814 -0.090981185 -0.057122692 0.993731380
1548339965.027630 -0.080524735 0.015539493 0.050771426 -0.031967528 -0.085450314 -0.056697041 0.994214177
1548339965.061220 -0.082954168 0.021755107 0.047065862 -0.031398367 -0.080985576 -0.056340259 0.994626224
1548339965.094740 -0.080720261 0.026476100 0.041104987 -0.031207500 -0.077077590 -0.056231763 0.994948804
1548339965.128180 -0.078381039 0.027662391 0.036364838 -0.032201752 -0.072566301 -0.056283310 0.995253444
1548339965.161520 -0.067299865 0.025071612 0.037428912 -0.033449594 -0.070334993 -0.055642311 0.995408475
1548339965.195040 -0.068838850 0.026854815 0.035038173 -0.034037761 -0.065380044 -0.055185512 0.995751679
1548339965.228560 -0.073256999 0.032782294 0.028874513 -0.034349140 -0.060314085 -0.055294525 0.996054649
1548339965.262060 -0.072065927 0.038004901 0.026599091 -0.035081122 -0.056718450 -0.055012945 0.996255994
1548339965.295390 -0.066087835 0.039428428 0.026736960 -0.036789857 -0.052999083 -0.054595120 0.996422112
1548339965.328790 -0.071393631 0.052172080 0.020613482 -0.036687624 -0.047443856 -0.054275889 0.996723294
1548339965.362300 -0.065155715 0.045401476 0.023137473 -0.040153112 -0.043165240 -0.054167271 0.996790051
1548339965.395820 -0.060771629 0.043376319 0.020830942 -0.041886851 -0.038259491 -0.053849030 0.996936321
1548339965.429900 -0.065159738 0.043434825 0.018949784 -0.042467415 -0.032807928 -0.053314950 0.997134745
1548339965.463410 -0.057319142 0.033913605 0.023626167 -0.043869905 -0.028494131 -0.052673314 0.997240722
1548339965.496930 -0.047898468 0.035609003 0.023833843 -0.042668827 -0.023309264 -0.050925281 0.997518301
1548339965.530070 -0.063066967 0.031776097 0.018889775 -0.041862566 -0.014529025 -0.049877420 0.997771859
1548339965.563590 -0.073594339 0.020767195 0.021683605 -0.041430466 -0.005906946 -0.047914445 0.997974396
1548339965.597100 -0.064917699 0.013575910 0.021596329 -0.040150873 -0.000294725 -0.046591613 0.998106778
1548339965.631060 -0.069466509 0.014526830 0.023205733 -0.037668332 0.008609083 -0.045077752 0.998235941
1548339965.664580 -0.060608674 0.007047050 0.012033571 -0.035459198 0.015071771 -0.041395728 0.998399675
1548339965.698090 -0.042722147 0.016474104 0.010943345 -0.029384520 0.018297909 -0.036506414 0.998733699
1548339965.731590 -0.058436397 0.018015366 0.011058797 -0.026554916 0.026499670 -0.034917392 0.998685837
1548339965.765110 -0.045588695 0.027233528 0.004328239 -0.022905868 0.031037686 -0.031909082 0.998746157
1548339965.798640 -0.038126569 0.025907524 0.005535772 -0.022337055 0.035444450 -0.030285887 0.998662889
1548339965.832160 -0.021456162 0.037867069 -0.003780768 -0.020404305 0.039418709 -0.029006327 0.998593271
1548339965.865680 0.002460808 0.047794525 -0.002976848 -0.019242534 0.041134045 -0.027529608 0.998588979
1548339965.899190 0.009750110 0.050035346 -0.007140892 -0.019238712 0.045303855 -0.027184030 0.998417974
1548339965.932710 -0.006184100 0.028086824 -0.003462793 -0.023189366 0.053786732 -0.026174862 0.997939944
1548339965.966340 -0.024417073 0.024288742 0.001201610 -0.023512434 0.059952762 -0.026103249 0.997582793
1548339965.999970 0.003909411 0.045813646 -0.004908219 -0.018983664 0.060142484 -0.025162980 0.997692049
1548339966.033490 -0.007645330 0.042807680 -0.007463958 -0.018056419 0.067840636 -0.024159666 0.997240126
1548339966.067000 -0.000972611 0.036130827 -0.003498788 -0.017973278 0.071627401 -0.022022290 0.997026384
1548339966.100520 0.004054507 0.034123819 -0.009798236 -0.016696021 0.075362630 -0.020817159 0.996799052
1548339966.134210 -0.008338512 0.048653815 -0.007539138 -0.013333601 0.083211064 -0.020036595 0.996241271
1548339966.167730 -0.007772876 0.029060595 -0.005437052 -0.015330106 0.086752810 -0.017088724 0.995965362
1548339966.201240 -0.004135242 0.034710009 -0.006346740 -0.012949009 0.089033566 -0.016743958 0.995803714
1548339966.234810 -0.000693028 0.030988673 -0.005667704 -0.012136242 0.092976131 -0.015874835 0.995467782
1548339966.268320 -0.005295365 0.028648950 -0.008450898 -0.011425517 0.097436689 -0.014776817 0.995066464
1548339966.335310 -0.000895338 0.033957578 -0.011741460 -0.008499732 0.103688836 -0.015214855 0.994457126
1548339966.368820 -0.006207707 0.018385837 -0.010052185 -0.010466476 0.107888103 -0.014260217 0.994005680
1548339966.401730 0.009872271 0.034598835 -0.011457059 -0.007374295 0.108446218 -0.014609919 0.993967593
1548339966.435240 0.001984459 0.038462367 -0.018977448 -0.006532799 0.114733845 -0.015234889 0.993257940
1548339966.468740 -0.010595862 0.033526003 -0.009911198 -0.007372356 0.121129014 -0.015099066 0.992494583
1548339966.502260 0.004715794 0.023274085 -0.007281654 -0.008228763 0.121351890 -0.013929115 0.992477715
1548339966.535790 -0.002844403 0.029821157 -0.008266829 -0.005701730 0.126031548 -0.013681367 0.991915524
1548339966.569300 0.057201006 0.014246242 -0.002553416 -0.007100270 0.120585740 -0.010702341 0.992619872
1548339966.602820 0.055994146 0.020000380 -0.007279773 -0.004119088 0.124502264 -0.010197354 0.992158413
1548339966.636330 0.065524392 0.006267661 -0.004519388 -0.004658614 0.127170309 -0.008473394 0.991833746
1548339966.669840 0.058183003 -0.000107045 -0.003996397 -0.003567105 0.131278545 -0.007044713 0.991314054
1548339966.703340 0.062338889 -0.001103063 -0.008018961 -0.001706967 0.134207234 -0.006171413 0.990932643
1548339966.736860 0.053975247 0.002886889 -0.006419072 0.000658859 0.140483648 -0.005051641 0.990069926
1548339966.770380 0.054792173 0.020328822 -0.011733591 0.004631652 0.145243257 -0.004845869 0.989373267
1548339966.803890 0.103021830 0.003608735 -0.021140877 0.002420130 0.145094723 -0.001370655 0.989413857
1548339966.837410 0.098724529 -0.001998737 -0.019266477 0.001506428 0.151924640 0.000404519 0.988390863
1548339966.870920 0.089217350 -0.002222565 -0.015447348 0.002010421 0.157138392 0.002566596 0.987571239
1548339966.904430 0.098539270 -0.004171561 -0.018239420 0.001538767 0.161662206 0.003860071 0.986837387
1548339966.937940 0.102216028 0.018335961 -0.020448964 0.005754800 0.167422131 0.005666754 0.985852242
1548339966.971440 0.104172468 0.024599107 -0.021270188 0.007678485 0.171457738 0.007585927 0.985132337
1548339967.004960 0.090211444 0.018704789 -0.019644188 0.007731336 0.178367808 0.008161078 0.983899713
1548339967.071990 0.102579519 0.015125213 -0.018909538 0.009560194 0.186554447 0.012592291 0.982317388
1548339967.105450 0.114398122 0.025658345 -0.024910117 0.011618769 0.188484415 0.013453987 0.981915295
1548339967.138910 0.108195826 0.024544433 -0.029960977 0.011578945 0.193813443 0.014838169 0.980857849
1548339967.172360 0.252400488 -0.036745060 -0.069806390 0.001091123 0.175855145 0.022588553 0.984156311
1548339967.205870 0.251760393 -0.038383536 -0.069793120 0.000353731 0.179047510 0.023440337 0.983561099
1548339967.239360 0.255500168 -0.036830354 -0.069656886 -0.000220562 0.181984469 0.024294557 0.983001232
1548339967.272880 0.268896013 -0.048345599 -0.072692126 -0.003096956 0.182337761 0.025788812 0.982892811
1548339967.306380 0.258426100 -0.032792240 -0.071747206 -0.001874969 0.186221465 0.024419034 0.982202530
1548339967.339900 0.255899161 -0.034608260 -0.073703863 -0.003409635 0.190213293 0.025512835 0.981405318
1548339967.373410 0.269331396 -0.040943261 -0.075020768 -0.005893879 0.190493405 0.026796879 0.981305003
1548339967.406930 0.265494823 -0.037467252 -0.072171271 -0.006463892 0.192346513 0.026513238 0.980947554
1548339967.440450 0.267736793 -0.037676197 -0.073111370 -0.007465444 0.193099439 0.026612641 0.980789840
1548339967.473970 0.264036089 -0.036178224 -0.072874010 -0.008211216 0.194350347 0.027342455 0.980516672
1548339967.507520 0.272182375 -0.036826145 -0.074762687 -0.009539606 0.193253085 0.027271746 0.980723441
1548339967.541030 0.270585835 -0.027226461 -0.073924564 -0.008896477 0.194543794 0.026058504 0.980507314
1548339967.574740 0.276995063 -0.037460357 -0.076937631 -0.011440800 0.193688542 0.027426312 0.980612874
1548339967.608330 0.269584060 -0.028294967 -0.077010415 -0.010477137 0.194728106 0.026921693 0.980431795
1548339967.641840 0.220181152 -0.009747209 -0.061102763 -0.007623993 0.201923758 0.024730993 0.979059279
1548339967.675360 0.213211536 -0.006389828 -0.060365569 -0.007715853 0.202564210 0.024094559 0.978942096
1548339967.708900 0.284026295 -0.011654942 -0.075250618 -0.009896690 0.191646785 0.024768569 0.981101453
1548339967.742460 0.283541769 -0.010414932 -0.076160401 -0.010409074 0.191143394 0.025439514 0.981177211
1548339967.776100 0.285382509 -0.010026917 -0.075849466 -0.011357291 0.190020457 0.025808707 0.981375158
1548339967.809610 0.276797265 -0.002098089 -0.074540228 -0.010806167 0.190698504 0.024807172 0.981275678
1548339967.843010 0.282943010 -0.008722357 -0.075920500 -0.012645626 0.189208373 0.025353951 0.981528103
1548339967.876520 0.270913899 -0.006744968 -0.073528334 -0.013348399 0.189544097 0.024640594 0.981472254
1548339967.910040 0.279211432 -0.001912022 -0.073918365 -0.013284510 0.187242895 0.023261404 0.981948376
1548339967.943690 0.271546453 0.007200137 -0.074663870 -0.012441769 0.187962517 0.023077263 0.981826246
1548339967.977250 0.276264459 0.000272551 -0.073986158 -0.014475267 0.186069861 0.023860348 0.982140064
1548339968.010790 0.272809058 0.010283272 -0.075291231 -0.014123992 0.186513156 0.023666304 0.982065797
1548339968.044330 0.268444717 0.013266631 -0.074585609 -0.015243288 0.187095493 0.025171280 0.981900871
1548339968.077850 0.272804260 -0.006619670 -0.071365364 -0.019993236 0.183734566 0.027728859 0.982381284
1548339968.111370 0.273288667 0.014144037 -0.071958713 -0.018275484 0.181482121 0.026343007 0.982871473
1548339968.144900 0.269663125 0.010358545 -0.070355289 -0.020851115 0.180180892 0.027263895 0.983034492
1548339968.178440 0.253742099 -0.003060214 -0.060481507 -0.024901228 0.179154813 0.028946774 0.983079672
1548339968.211930 0.256063163 0.016631199 -0.062681086 -0.024085067 0.172289684 0.027101466 0.984378874
1548339968.245450 0.257458717 0.016399791 -0.064714521 -0.025605785 0.167980373 0.026699929 0.985095978
1548339968.278950 0.223655730 0.015323582 -0.060131062 -0.026857553 0.166647524 0.026328117 0.985298991
1548339968.312480 0.211957246 0.038758140 -0.065221019 -0.023499262 0.156962961 0.022290833 0.987073243
1548339968.346020 0.239334255 0.041875321 -0.062269375 -0.023186270 0.143605500 0.020751379 0.989145696
1548339968.379600 0.268776894 0.040091343 -0.065661341 -0.023061698 0.127396241 0.019159272 0.991398692
1548339968.413210 0.301476121 0.031332295 -0.065703280 -0.023580777 0.111889467 0.016321091 0.993306756
1548339968.446730 0.275905550 -0.004978682 -0.061111480 -0.028627986 0.106024630 0.014131411 0.993850887
1548339968.480250 0.294898242 -0.003614124 -0.059436698 -0.028536530 0.094351441 0.011932869 0.995058358
1548339968.513760 0.319499463 -0.010798263 -0.059072092 -0.030658377 0.082982011 0.009524286 0.996033847
1548339968.547280 0.356630832 -0.022958850 -0.056332480 -0.033673812 0.071134336 0.007727632 0.996868253
1548339968.580790 0.294946462 -0.017976677 -0.048617668 -0.033985406 0.073948562 0.004272327 0.996673644
1548339968.614220 0.190289170 -0.009067398 -0.035233263 -0.033304259 0.082417749 0.000690233 0.996041000
1548339968.647730 0.189854026 -0.011263567 -0.031761155 -0.034346502 0.075070992 -0.000221109 0.996586502
1548339968.681180 0.193080708 -0.029145956 -0.032689556 -0.037455834 0.068207286 -0.000610169 0.996967614
1548339968.714760 0.167385250 -0.011195160 -0.060812563 -0.031674821 0.064572901 0.000376250 0.997410119
1548339968.748210 0.143287167 0.004526481 -0.026583588 -0.029674273 0.063679546 -0.003032670 0.997524500
1548339968.781730 0.151240572 0.020997290 -0.032915283 -0.025945270 0.057081718 -0.005083023 0.998019397
1548339968.815240 0.047034260 0.013317355 -0.033667665 -0.024356728 0.065461703 -0.007130626 0.997532308
1548339968.848740 0.024194131 0.033627298 -0.007584822 -0.021306381 0.064227946 -0.011362452 0.997643113
1548339968.882090 0.025267703 0.040118150 -0.011174836 -0.019348852 0.059458520 -0.014409368 0.997939229
1548339968.915590 0.016541015 0.025222970 -0.015392088 -0.018581752 0.056447562 -0.012479217 0.998154640
1548339968.949100 0.020909498 0.021829395 -0.009112551 -0.019022135 0.050154526 -0.015902461 0.998433709
1548339968.982610 -0.001833186 0.023879591 -0.016871681 -0.016462924 0.048545871 -0.016796963 0.998543978
1548339969.016130 -0.023029765 0.044027343 0.016331591 -0.012324541 0.049563453 -0.017440723 0.998542607
1548339969.049650 -0.005478259 0.021275513 -0.007937931 -0.013924974 0.039107759 -0.017476320 0.998985171
1548339969.083170 -0.010017789 0.035201453 -0.021211114 -0.012653269 0.033028476 -0.024162160 0.999082208
1548339969.116700 -0.023942988 0.018667599 -0.005491943 -0.014163309 0.032444835 -0.023417190 0.999098778
1548339969.150220 -0.074983783 0.039420355 0.040214080 -0.010335388 0.036326155 -0.024389602 0.998988867
1548339969.183740 -0.008241631 0.033456471 -0.006942054 -0.010368880 0.010174097 -0.026786370 0.999535620
1548339969.217260 -0.036489215 0.040522512 -0.012975311 -0.010317234 0.009660707 -0.030990802 0.999419749
1548339969.250780 -0.104205340 0.045969993 0.026564056 -0.009834331 0.016585087 -0.032212149 0.999295056
1548339969.284300 -0.036785707 0.036720332 -0.001150096 -0.010099856 -0.005100515 -0.032618795 0.999403834
