1.000000000 0.000000000 0.000000000 0.000000000 0.000000000 1.000000000 0.000000000 0.000000000 0.000000000 0.000000000 1.000000000 0.000000000
0.999997199 0.002346278 0.000213051 -0.003411025 -0.002346026 0.999996543 -0.001174021 -0.001049340 -0.000215805 0.001173518 0.999999285 -0.001055353
0.999984026 0.005565389 -0.000998579 -0.000443534 -0.005568123 0.999980688 -0.002756458 -0.001991923 0.000983219 0.002761975 0.999995708 -0.001912988
0.999957621 0.009196922 0.000429673 -0.001485793 -0.009194484 0.999943316 -0.005369305 -0.000709920 -0.000479030 0.005365127 0.999985516 -0.002643005
0.999945343 0.010345840 0.001508322 -0.001307605 -0.010335513 0.999924123 -0.006700011 -0.002672192 -0.001577525 0.006684056 0.999976397 -0.004155571
0.999920249 0.012580856 0.001101856 -0.007116430 -0.012567212 0.999853492 -0.011620229 0.003950258 -0.001247887 0.011605455 0.999931872 -0.007058303
0.999948800 0.010071551 -0.000955429 -0.008253594 -0.010081869 0.999883175 -0.011490518 0.004304537 0.000839590 0.011499563 0.999933541 -0.007527493
0.999937415 0.007713567 -0.008106930 -0.006415361 -0.007784588 0.999931276 -0.008765751 0.011506296 0.008038757 0.008828312 0.999928713 -0.012015538
0.999963403 0.004900271 -0.007015871 -0.012491644 -0.004932425 0.999977350 -0.004573130 0.007148972 0.006993302 0.004607568 0.999964952 -0.010417074
0.999918222 0.004201667 -0.012077235 -0.008238486 -0.004216244 0.999990404 -0.001181801 0.007740342 0.012072153 0.001232625 0.999926388 -0.011343159
0.999838710 0.005359047 -0.017140608 -0.002199641 -0.005306332 0.999981046 0.003119406 0.004188585 0.017157000 -0.003027949 0.999848247 -0.011397495
0.999807239 0.007767181 -0.018031240 0.001340645 -0.007681789 0.999958992 0.004800229 0.005079817 0.018067785 -0.004660792 0.999825895 -0.014137985
0.999856651 0.007458585 -0.015198941 -0.014260142 -0.007321481 0.999932170 0.009056425 -0.004445725 0.015265458 -0.008943848 0.999843478 -0.012544367
0.999618232 0.010325747 -0.025628122 0.001491770 -0.010065226 0.999896586 0.010273729 -0.008688726 0.025731554 -0.010011854 0.999618769 -0.011069340
0.999631166 0.016046714 -0.021910051 -0.002914100 -0.015866619 0.999839067 0.008368956 -0.006096879 0.022040820 -0.008018231 0.999724925 -0.012609364
0.999749899 0.012503771 -0.018541686 -0.020791380 -0.012355475 0.999890924 0.008091112 -0.009391003 0.018640835 -0.007859997 0.999795377 -0.012243317
0.999455690 0.013384044 -0.030151803 -0.017065646 -0.013143701 0.999880373 0.008155230 -0.013741778 0.030257344 -0.007754486 0.999512076 -0.015418655
0.999094903 0.020047979 -0.037516586 -0.000021003 -0.019975400 0.999797821 0.002308477 0.003209205 0.037555285 -0.001556979 0.999293327 -0.014260331
0.999302268 0.017635506 -0.032923613 -0.010904491 -0.017531078 0.999840319 0.003457822 -0.001164734 0.032979336 -0.002878222 0.999451876 -0.017836191
0.999040723 0.018198254 -0.039829969 -0.001030392 -0.018144110 0.999833882 0.001720455 0.006023384 0.039854661 -0.000996126 0.999204993 -0.021187251
0.999062598 0.022185722 -0.037171867 0.001851231 -0.022090981 0.999751568 0.002957575 0.009070943 0.037228245 -0.002133639 0.999304533 -0.025030291
0.999330997 0.018295843 -0.031666454 -0.015616026 -0.018079590 0.999811351 0.007102025 0.003360884 0.031790417 -0.006524757 0.999473274 -0.024561342
0.998944104 0.019907728 -0.041405249 -0.000323590 -0.019538675 0.999765873 0.009298933 0.004806843 0.041580673 -0.008480110 0.999099135 -0.025055669
0.998864830 0.025707278 -0.040102512 0.002631221 -0.025272164 0.999616504 0.011319629 0.007940130 0.040378131 -0.010293302 0.999131441 -0.027961198
0.999066889 0.025040170 -0.035189711 -0.004620719 -0.024575038 0.999605656 0.013588893 0.010285172 0.035516098 -0.012711425 0.999288261 -0.027490238
0.999077439 0.027124584 -0.033293802 -0.005322755 -0.026610289 0.999521077 0.015794395 0.012594101 0.033706274 -0.014893865 0.999320805 -0.027068099
0.999134362 0.027156180 -0.031512242 -0.004891963 -0.026625270 0.999498427 0.017146811 0.017152889 0.031962078 -0.016292945 0.999356270 -0.026741097
0.999153554 0.024908822 -0.032737952 0.000335464 -0.024190385 0.999461710 0.022161003 0.007660846 0.033272337 -0.021350302 0.999218225 -0.026668601
0.999180913 0.025995336 -0.031012157 -0.008391461 -0.025377147 0.999474585 0.020163652 0.016842492 0.031520024 -0.019360136 0.999315619 -0.021349795
0.999299467 0.025159573 -0.027705016 -0.012309832 -0.024557399 0.999459267 0.021865139 0.013289473 0.028240154 -0.021169459 0.999376953 -0.024190130
0.999255359 0.021155857 -0.032266703 0.007544443 -0.020343009 0.999472499 0.025315128 0.005728337 0.032785248 -0.024639875 0.999158621 -0.022884652
0.999334276 0.020800227 -0.029971704 0.008735579 -0.020054096 0.999486685 0.024983739 0.007703262 0.030475985 -0.024366053 0.999238491 -0.022864571
0.999501765 0.018137824 -0.025830334 0.005840120 -0.017482676 0.999525309 0.025367381 0.006828613 0.026278181 -0.024903158 0.999344409 -0.024216633
0.999519587 0.017108964 -0.025842518 0.007545986 -0.016524749 0.999606788 0.022653647 0.017577199 0.026219938 -0.022215724 0.999409318 -0.024457462
0.999644697 0.020267427 -0.017312862 -0.009619221 -0.019905228 0.999584615 0.020843048 0.028969297 0.017728105 -0.020491026 0.999632835 -0.027718553
0.999745786 0.022535797 -0.000740469 -0.054146823 -0.022508398 0.999397874 0.026406404 0.019819207 0.001335113 -0.026383024 0.999651015 -0.025960121
0.999730527 0.022826372 -0.004223935 -0.041676313 -0.022709509 0.999406338 0.025907857 0.031036569 0.004812811 -0.025804954 0.999655426 -0.028368667
0.999673486 0.025543122 -0.000665238 -0.041430511 -0.025513081 0.999253392 0.029012900 0.035720643 0.001405821 -0.028986454 0.999578834 -0.031645689
0.999773860 0.020751612 -0.004648186 -0.018970244 -0.020574709 0.999163985 0.035327360 0.032803647 0.005377399 -0.035223737 0.999364972 -0.030197518
0.999758422 0.017697839 -0.013035917 0.012560233 -0.017140472 0.998983383 0.041693773 0.026843550 0.013760555 -0.041460257 0.999045372 -0.029555075
0.999792457 0.017511861 -0.010411395 0.013344906 -0.017009610 0.998772740 0.046515252 0.024439476 0.011213185 -0.046328504 0.998863339 -0.027824812
0.999823153 0.018789433 -0.000764598 -0.015500998 -0.018730041 0.998641491 0.048624419 0.024774516 0.001677185 -0.048601501 0.998816848 -0.026926510
0.999826789 0.015163458 -0.010792725 0.012636139 -0.014573528 0.998499513 0.052785691 0.011420101 0.011576943 -0.052619260 0.998547554 -0.025139205
0.999856830 0.014291825 -0.009056504 0.008976809 -0.013792640 0.998500764 0.052971091 0.004298565 0.009799981 -0.052838597 0.998555005 -0.022662632
0.999888897 0.013796868 -0.005637606 -0.010297509 -0.013496052 0.998642802 0.050303172 0.000274958 0.006323981 -0.050221499 0.998718083 -0.018987816
0.999681473 0.012115197 -0.022139827 0.022065638 -0.011081254 0.998868823 0.046241049 -0.003835690 0.022675002 -0.045980986 0.998684943 -0.019407155
0.999752283 0.016075941 -0.015390951 -0.012837562 -0.015436837 0.999048889 0.040779673 -0.007358321 0.016031884 -0.040531985 0.999049604 -0.016117750
0.999539196 0.013513511 -0.027181406 0.013878847 -0.012521835 0.999261439 0.036328755 -0.015162990 0.027652260 -0.035971656 0.998970151 -0.013718458
0.999336064 0.015380333 -0.033028051 0.022654118 -0.014447135 0.999494791 0.028309884 -0.012215963 0.033446781 -0.027813928 0.999053419 -0.011890149
0.999329805 0.015255745 -0.033274055 0.022319995 -0.014480832 0.999621153 0.023406764 -0.016909327 0.033618540 -0.022909241 0.999172151 -0.011559955
0.999535382 0.016108174 -0.025874794 -0.009715164 -0.015604600 0.999687135 0.019547366 -0.021925390 0.026181571 -0.019134518 0.999474049 -0.011247855
0.999567151 0.016489573 -0.024364175 -0.025022198 -0.016157661 0.999774814 0.013757559 -0.022757217 0.024585543 -0.013357935 0.999608457 -0.011874598
0.999464631 0.014752334 -0.029202210 -0.013221856 -0.014493627 0.999853969 0.009051098 -0.023301087 0.029331470 -0.008623006 0.999532521 -0.011494149
0.999614000 0.014654694 -0.023602013 -0.041360993 -0.014589453 0.999889255 0.002934039 -0.019319564 0.023642395 -0.002588566 0.999717116 -0.011544704
0.999251366 0.010988466 -0.037094630 -0.010737451 -0.010966538 0.999939561 0.000794575 -0.027809709 0.037101120 -0.000387181 0.999311447 -0.009636420
0.999238610 0.011411261 -0.037308492 -0.010333009 -0.011657676 0.999911606 -0.006393950 -0.013691787 0.037232228 0.006824012 0.999283314 -0.010714678
0.999373376 0.008633903 -0.034326378 -0.015443975 -0.008835097 0.999944627 -0.005713820 -0.022796825 0.034275148 0.006013517 0.999394357 -0.009714299
0.999312699 0.006149136 -0.036554910 -0.011158722 -0.006440095 0.999948502 -0.007847094 -0.025820224 0.036504775 0.008077118 0.999300838 -0.011308689
0.999356687 0.005105162 -0.035499379 -0.009935241 -0.005494187 0.999925852 -0.010869758 -0.023588570 0.035441257 0.011057805 0.999310613 -0.011343985
0.999283850 0.005713921 -0.037404593 0.002843443 -0.006193258 0.999900043 -0.012711649 -0.020426363 0.037328217 0.012934201 0.999219358 -0.012875211
0.999746501 0.007076494 -0.021374762 -0.045110095 -0.007290006 0.999924123 -0.009927654 -0.032546561 0.021302886 0.010080959 0.999722242 -0.008320186
0.999484599 0.005273352 -0.031665571 -0.005036358 -0.005767414 0.999862731 -0.015531488 -0.019043898 0.031579323 0.015706111 0.999377847 -0.009778270
0.999576688 0.004041632 -0.028811306 -0.009584553 -0.004500878 0.999863565 -0.015892809 -0.017731909 0.028743140 0.016015759 0.999458492 -0.008671568
0.999543667 0.004538017 -0.029863330 -0.007802122 -0.004985381 0.999876201 -0.014923033 -0.014649448 0.029791912 0.015065105 0.999442577 -0.009618355
0.999559283 0.008163782 -0.028541924 -0.006087393 -0.008562036 0.999867320 -0.013859017 -0.006081837 0.028424995 0.014097286 0.999496520 -0.010118985
0.999668300 0.005777778 -0.025097156 -0.005404542 -0.006031991 0.999931157 -0.010065284 -0.007274461 0.025037272 0.010213330 0.999634326 -0.007289504
0.999663830 0.006288825 -0.025152231 -0.002553368 -0.006500324 0.999944150 -0.008335852 0.001747398 0.025098404 0.008496548 0.999648869 -0.006885997
0.999419391 0.008276466 -0.033051517 0.035918050 -0.008487536 0.999944448 -0.006250896 0.016708218 0.032997947 0.006527792 0.999434114 -0.007800374
0.999799550 0.010016766 -0.017336087 0.001397961 -0.009983282 0.999948144 0.002017012 0.006269409 0.017355392 -0.001843537 0.999847710 -0.003493164
0.999904215 0.009700784 -0.009869078 -0.011931458 -0.009651443 0.999940753 0.005034951 0.009032408 0.009917336 -0.004939219 0.999938607 -0.002411315
0.999892533 0.010942473 -0.009754028 -0.002998482 -0.010854215 0.999900103 0.009055879 0.014447963 0.009852147 -0.008949034 0.999911427 -0.000715584
0.999960005 0.008895895 -0.000941254 -0.017941574 -0.008877759 0.999802530 0.017779160 -0.000685570 0.001099229 -0.017770093 0.999841511 -0.002845960
0.999953985 0.006986045 -0.006571715 0.008641994 -0.006870688 0.999824762 0.017415265 0.010134271 0.006692227 -0.017369313 0.999826729 -0.000655599
0.999957383 0.008979785 0.002136285 -0.013975221 -0.009023047 0.999734819 0.021185489 0.005812212 -0.001945477 -0.021203863 0.999773264 0.003315119
0.999960899 0.008497017 0.002461671 -0.009159219 -0.008550358 0.999709487 0.022535611 0.006757405 -0.002269470 -0.022555776 0.999742985 0.001342566
0.999956369 0.008219130 0.004437106 -0.011239048 -0.008322168 0.999683857 0.023725573 0.006683139 -0.004240699 -0.023761466 0.999708652 -0.000862250
0.999955833 0.008216005 0.004564872 -0.013600373 -0.008330805 0.999634326 0.025726421 0.003676757 -0.004351835 -0.025763312 0.999658585 0.001122104
0.999931872 0.010617431 0.004852061 -0.018482344 -0.010743210 0.999586344 0.026677079 0.004742764 -0.004566811 -0.026727390 0.999632299 0.001377364
0.999930143 0.011713509 -0.001580344 0.001361878 -0.011665271 0.999548435 0.027692365 0.003638211 0.001904005 -0.027671995 0.999615252 -0.003209263
0.999929130 0.011780983 -0.001724025 -0.001297829 -0.011731256 0.999580979 0.026462331 0.005289042 0.002035054 -0.026440229 0.999648333 -0.004033802
0.999899268 0.014005820 -0.002298201 -0.004884284 -0.013941227 0.999563277 0.026055401 0.006920750 0.002662125 -0.026020737 0.999657869 -0.007392404
0.999874175 0.015859436 -0.000360967 -0.007902024 -0.015844896 0.999543250 0.025733560 0.011044713 0.000768922 -0.025724601 0.999668777 -0.008078239
0.999909043 0.013458441 0.000888216 -0.014086046 -0.013477814 0.999529123 0.027566409 0.003160986 -0.000516797 -0.027575871 0.999619603 -0.010719042
0.999915779 0.012304990 -0.004121886 -0.016229717 -0.012190018 0.999565303 0.026844187 0.002636440 0.004450412 -0.026791679 0.999631107 -0.010908512
0.999835968 0.016219102 -0.008063026 -0.010231660 -0.016016111 0.999568284 0.024632735 0.013779523 0.008459065 -0.024499556 0.999664068 -0.012478288
0.999864161 0.016414193 -0.001506291 -0.036226626 -0.016369110 0.999522626 0.026203444 0.012064737 0.001935681 -0.026175229 0.999655485 -0.007362131
0.999807179 0.019046266 -0.004775485 -0.041467428 -0.018903188 0.999417841 0.028402053 0.010676226 0.005313658 -0.028306305 0.999585152 -0.008442600
0.999762118 0.020109244 -0.008442033 -0.037011597 -0.019885093 0.999468148 0.025844991 0.020751201 0.008957267 -0.025670972 0.999630332 -0.008543379
0.999742568 0.020709114 -0.009267779 -0.045336772 -0.020451626 0.999424458 0.027064942 0.018411890 0.009822935 -0.026868433 0.999590695 -0.009713280
0.999611497 0.022303080 -0.016716806 -0.040623885 -0.021864804 0.999423921 0.025957299 0.024275828 0.017286105 -0.025581704 0.999523282 -0.011930393
0.999366283 0.022984326 -0.027180299 -0.019213106 -0.022229899 0.999367952 0.027740175 0.020861188 0.027800709 -0.027118379 0.999245584 -0.016745014
0.999291539 0.021300463 -0.031026710 -0.015236574 -0.020454487 0.999417067 0.027332978 0.023995496 0.031590831 -0.026678978 0.999144733 -0.017169295
0.999073803 0.023103638 -0.036300167 -0.031401910 -0.022133874 0.999393225 0.026893718 0.029149050 0.036899485 -0.026065348 0.998978972 -0.016216971
0.998523057 0.025703264 -0.047864381 -0.018266479 -0.024353685 0.999295115 0.028568855 0.031080931 0.048564952 -0.027360985 0.998445213 -0.018030941
0.998410344 0.025582410 -0.050222617 -0.025890164 -0.024165161 0.999298036 0.028626636 0.036411554 0.050919700 -0.027367491 0.998327732 -0.016275434
0.997759581 0.028955739 -0.060311131 -0.023220068 -0.027103625 0.999142349 0.031304371 0.037897237 0.061165847 -0.029599585 0.997688651 -0.014237280
0.997307956 0.032954615 -0.065504774 -0.024254363 -0.030719614 0.998920679 0.034839153 0.036975939 0.066582188 -0.032733083 0.997243881 -0.014516006
0.997405708 0.034563780 -0.063144594 -0.050294232 -0.031967580 0.998619735 0.041673038 0.023763219 0.064497814 -0.039546344 0.997133970 -0.019682186
0.996534467 0.037742563 -0.074125528 -0.038708370 -0.034457780 0.998387873 0.045103878 0.025015524 0.075708359 -0.042393364 0.996228397 -0.017355815
0.996370137 0.041974861 -0.074058548 -0.041683670 -0.038136747 0.997892439 0.052500114 0.016080454 0.076106146 -0.049485192 0.995871007 -0.011928266
0.996097684 0.043384977 -0.076857857 -0.042434722 -0.039348394 0.997804165 0.053278416 0.022044009 0.079000570 -0.050046273 0.995617509 -0.012353874
0.995849609 0.045644037 -0.078741543 -0.045087542 -0.041402526 0.997645020 0.054683466 0.022819620 0.081052087 -0.051196408 0.995394111 -0.013488850
0.995908082 0.047870196 -0.076652072 -0.059204444 -0.043480314 0.997372150 0.057950228 0.015461530 0.079224728 -0.054380246 0.995372415 -0.009892235
0.995038569 0.045137994 -0.088661261 -0.043102462 -0.041045889 0.998030007 0.047448333 0.039973345 0.090628318 -0.043573741 0.994931042 -0.018660661
0.994495690 0.048386339 -0.092935860 -0.045452736 -0.043093290 0.997377872 0.058140889 0.013578905 0.095505401 -0.053815953 0.993973136 -0.009539256
0.994035721 0.046287026 -0.098744377 -0.035071474 -0.041253265 0.997772396 0.052425247 0.024733974 0.100951016 -0.048039045 0.993730903 -0.010922207
0.993676782 0.046462789 -0.102213606 -0.050506674 -0.041237794 0.997761130 0.052651726 0.019922759 0.104431108 -0.048103735 0.993368089 -0.012859693
0.993115544 0.044738572 -0.108258948 -0.053170197 -0.039342504 0.997898877 0.051477719 0.018220358 0.110334530 -0.046864148 0.992789030 -0.013411910
0.992578745 0.043075100 -0.113718741 -0.048312865 -0.037462883 0.997993886 0.051036682 0.016639331 0.115689017 -0.046397697 0.992201269 -0.010032983
0.992590547 0.043836549 -0.113323979 -0.071227670 -0.039259098 0.998332739 0.042314552 0.040155496 0.114989959 -0.037552029 0.992656589 -0.016758412
0.991337955 0.038000748 -0.125718042 -0.044922285 -0.034151047 0.998883605 0.032637283 0.060273170 0.126817927 -0.028061174 0.991528988 -0.017847624
0.990412831 0.034151956 -0.133850724 -0.021911649 -0.031135455 0.999213219 0.024565671 0.078393273 0.134584367 -0.020162653 0.990696967 -0.021518089
0.989749491 0.032158103 -0.139146745 -0.010951010 -0.028928889 0.999264538 0.025168383 0.075513989 0.139853776 -0.020885034 0.989951909 -0.019331267
0.989568174 0.034351833 -0.139909744 -0.016689355 -0.031539641 0.999254405 0.022268614 0.081286639 0.140570402 -0.017623609 0.989913821 -0.020586174
0.988479972 0.033596765 -0.147575825 0.008886480 -0.031013018 0.999323368 0.019774819 0.084621988 0.148140341 -0.014970241 0.988853037 -0.021161033
0.988975525 0.038281914 -0.143045247 -0.015738001 -0.035351861 0.999110937 0.022970052 0.078088515 0.143797398 -0.017659904 0.989449561 -0.018407280
0.987926364 0.040927108 -0.149420381 -0.000530553 -0.037563410 0.998974800 0.025266072 0.072537564 0.150301248 -0.019348281 0.988450885 -0.017034737
0.987962663 0.044167388 -0.148253143 -0.006012054 -0.040813256 0.998838961 0.025592301 0.071082070 0.149211377 -0.019233543 0.988618255 -0.015748050
0.988529205 0.047700305 -0.143299356 -0.032327596 -0.044701960 0.998710275 0.024072649 0.075059898 0.144262806 -0.017390756 0.989386559 -0.014695772
0.988206863 0.050133958 -0.144685268 -0.040737722 -0.046992823 0.998581111 0.025048830 0.065981872 0.145735770 -0.017954256 0.989160597 -0.017190520
0.987140298 0.051327009 -0.151392058 -0.028301740 -0.047711741 0.998484731 0.027419237 0.051566359 0.152569994 -0.019843457 0.988093436 -0.010269023
0.988979042 0.058048803 -0.136201188 -0.092165858 -0.054307189 0.998041987 0.031031078 0.033483151 0.137735829 -0.023292383 0.990195096 -0.009131795
0.987822950 0.058882561 -0.144009233 -0.090883173 -0.055359367 0.998063803 0.028354449 0.030364767 0.145399988 -0.020036915 0.989170015 -0.008192178
0.986838400 0.060609777 -0.149921402 -0.085180916 -0.057554137 0.998038232 0.024641197 0.028157234 0.151120797 -0.015688285 0.988390803 -0.008395827
0.986736834 0.060457714 -0.150649562 -0.095237017 -0.058150917 0.998113930 0.019675039 0.030512439 0.151554927 -0.010653677 0.988391399 -0.010489720
0.985610068 0.061598245 -0.157411844 -0.096097447 -0.059800763 0.998079956 0.016134368 0.032941144 0.158103436 -0.006488847 0.987401247 -0.011364638
0.984834433 0.061243124 -0.162328258 -0.081962362 -0.059540205 0.998108029 0.015339349 0.029192749 0.162960574 -0.005441661 0.986617565 -0.003694958
0.986454248 0.060050882 -0.152649626 -0.116476983 -0.057871245 0.998149157 0.018685963 0.010209219 0.153489217 -0.009598825 0.988103688 -0.015223023
0.984807730 0.060766917 -0.162668616 -0.105888367 -0.058660533 0.998120606 0.017725389 0.008252863 0.163440019 -0.007913873 0.986521542 -0.010207453
0.983342171 0.064000189 -0.170123845 -0.112245008 -0.061814129 0.997923136 0.018121101 0.004671551 0.170930266 -0.007303188 0.985256076 -0.010109756
0.983428657 0.067387581 -0.168306217 -0.164401442 -0.066618294 0.997726202 0.010219567 0.030053057 0.168612197 0.001162059 0.985681772 -0.013789696
0.976493835 0.069528610 -0.204023495 -0.074139036 -0.068902865 0.997571468 0.010177950 0.033984326 0.204235688 0.004119097 0.978913069 0.003690104
0.979217529 0.075371698 -0.188287467 -0.175054058 -0.074783295 0.997147262 0.010237406 0.040121615 0.188521951 0.004056109 0.982060611 -0.027954202
0.973764479 0.083688863 -0.211610407 -0.132174060 -0.081607483 0.996491611 0.018566087 0.023899319 0.212421775 -0.000810002 0.977177739 -0.012188170
0.973048151 0.087853797 -0.213211089 -0.140646651 -0.084893472 0.996124089 0.023018729 0.016731301 0.214406997 -0.004298105 0.976734936 -0.016673291
0.978143811 0.094147503 -0.185394138 -0.285100669 -0.092947170 0.995555401 0.015174983 0.057902347 0.185998827 0.002388546 0.982547045 -0.014767529
0.962546885 0.092375934 -0.254892409 -0.095902257 -0.089719847 0.995722830 0.022053506 0.039754909 0.255839407 0.001641370 0.966717899 -0.004453966
0.962879181 0.100768156 -0.250418574 -0.119658723 -0.094829313 0.994853139 0.035701599 0.009745681 0.252727300 -0.010629304 0.967479169 -0.007599618
0.960132658 0.096210971 -0.262466699 -0.101714879 -0.093420252 0.995358288 0.023121212 0.059998285 0.263472885 0.002320272 0.964663982 0.017890507
0.948956430 0.086189650 -0.303402364 0.020067498 -0.081747793 0.996278107 0.027335847 0.039702158 0.304629207 -0.001138056 0.952470362 0.039377965
0.959598124 0.104427792 -0.261278242 -0.130644351 -0.094687022 0.994269073 0.049632311 -0.029572060 0.264963895 -0.022887411 0.963986695 0.013641825
0.959515691 0.098807216 -0.263755202 -0.148220882 -0.096569508 0.995094657 0.021469086 0.055393148 0.264582694 0.004870782 0.964350700 0.018930465
0.956092119 0.098244332 -0.276108414 -0.132432386 -0.096082456 0.995143712 0.021381257 0.040402614 0.276868135 0.006086724 0.960888624 0.028223127
0.955536306 0.098807067 -0.277826399 -0.127660424 -0.096347094 0.995092809 0.022528641 0.017950855 0.278689057 0.005240830 0.960367084 0.027351107
0.953755319 0.086257219 -0.287941873 -0.110306211 -0.087005943 0.996155381 0.010221523 0.036016706 0.287716508 0.015303819 0.957593322 0.028444195
0.952175736 0.090831093 -0.291738093 -0.134167910 -0.092608042 0.995672524 0.007742880 0.025590720 0.291178882 0.019644711 0.956466913 0.028815452
0.951307595 0.089706376 -0.294901133 -0.125314400 -0.092289895 0.995718718 0.005175436 0.018816788 0.294102848 0.022292962 0.955513775 0.029638723
0.947641611 0.080967940 -0.308900625 -0.074009106 -0.085149907 0.996368170 -0.000057363 0.023156336 0.307774097 0.026357215 0.951094329 0.031025846
0.949984610 0.085683666 -0.300312370 -0.112369686 -0.090344019 0.995909274 -0.001639195 0.027137410 0.298943430 0.028688634 0.953839481 0.028022533
0.950414479 0.088563904 -0.298108578 -0.119776785 -0.092933431 0.995672226 -0.000485247 0.026916761 0.296775460 0.028165435 0.954531848 0.030526752
0.951392412 0.095088676 -0.292934597 -0.134600401 -0.098191023 0.995159030 0.004131171 0.019317046 0.291909337 0.024833184 0.956123531 0.030387497
0.948724329 0.096188180 -0.301114559 -0.112888858 -0.099246599 0.995049477 0.005161953 0.019513885 0.300120413 0.024987325 0.953574002 0.031439047
0.947775066 0.102246217 -0.302106202 -0.112824604 -0.104590409 0.994479477 0.008452613 0.014966564 0.301302671 0.023586236 0.953236818 0.035047337
0.948820353 0.106571876 -0.297291785 -0.118815646 -0.108150996 0.994071603 0.011181626 0.014946449 0.296720952 0.021543048 0.954721212 0.035154123
0.948476791 0.105987169 -0.298594266 -0.109198555 -0.108113281 0.994093776 0.009438408 0.024353394 0.297831029 0.023329891 0.954333484 0.035737682
0.949135005 0.113876581 -0.293555617 -0.116871953 -0.113890037 0.993346095 0.017106941 0.008801599 0.293550372 0.017196262 0.955788910 0.039585609
0.951063633 0.113922864 -0.287227392 -0.119326830 -0.113809392 0.993354559 0.017149583 0.015389422 0.287272394 0.016378827 0.957708895 0.040153500
0.952254534 0.113430552 -0.283451617 -0.118599154 -0.113360994 0.993413448 0.016704503 0.022307595 0.283479452 0.016225416 0.958841026 0.040928505
0.952422261 0.117152020 -0.281366765 -0.111295708 -0.114950061 0.993072093 0.024378870 0.004949817 0.282273531 0.009124152 0.959290564 0.040277388
0.954297543 0.118298933 -0.274447709 -0.116944246 -0.115606278 0.992954135 0.026025422 0.006334160 0.275592774 0.006891880 0.961249769 0.040131334
0.956801236 0.118201345 -0.265630960 -0.128855765 -0.115619898 0.992968917 0.025392355 0.013028373 0.266764700 0.006416785 0.963740349 0.039298840
0.958791375 0.119304083 -0.257848084 -0.132029012 -0.116394706 0.992847443 0.026575752 0.010251655 0.259174407 0.004531546 0.965819895 0.040735077
0.961384892 0.117959768 -0.248645529 -0.125269338 -0.114215657 0.993018389 0.029483752 0.002803907 0.250387490 0.000053978 0.968145728 0.041763928
0.963427961 0.114321135 -0.242357612 -0.122504555 -0.111397631 0.993441522 0.025779137 0.015243978 0.243715197 0.002161719 0.969844460 0.037512936
0.963437855 0.114187561 -0.242381394 -0.101626791 -0.109742589 0.993450999 0.031807665 0.002283620 0.244426072 -0.004045145 0.969659507 0.044106264
0.964437425 0.114424102 -0.238259584 -0.090098083 -0.109548546 0.993411660 0.033650383 0.005969686 0.240540266 -0.006352698 0.970618367 0.048357908
0.966761529 0.115192480 -0.228260368 -0.096469864 -0.109739847 0.993290603 0.036481768 0.010853475 0.230931312 -0.010219911 0.972916365 0.042435873
0.967795372 0.116421729 -0.223199621 -0.090372771 -0.109804899 0.993070722 0.041874316 0.013083794 0.226528093 -0.016017355 0.973872900 0.045315653
0.969870389 0.117589056 -0.213364094 -0.097504273 -0.109818667 0.992794156 0.047954880 0.017992144 0.217465580 -0.023078658 0.975795090 0.043951735
0.970976830 0.118958957 -0.207491606 -0.089663148 -0.110159360 0.992472887 0.053502630 0.021560678 0.212294400 -0.029092673 0.976772606 0.044148110
0.972611487 0.119624034 -0.199291080 -0.090217680 -0.109482348 0.992103219 0.061194919 0.017701389 0.205037713 -0.037700027 0.978027761 0.044779610
0.973952889 0.119062357 -0.192976356 -0.082453340 -0.108178772 0.991936505 0.066025004 0.018947706 0.199281394 -0.043429300 0.978979468 0.048299965
0.976013780 0.121042572 -0.180957988 -0.092185915 -0.109941922 0.991455734 0.070201531 0.016187303 0.187909201 -0.048622794 0.980982125 0.045104563
0.977786005 0.118979931 -0.172563910 -0.085476518 -0.108150020 0.991603732 0.070891798 0.019650267 0.179549724 -0.050654221 0.982443929 0.043575667
0.979782581 0.118008412 -0.161555320 -0.090850584 -0.107514776 0.991574466 0.072254054 0.018066505 0.168720722 -0.053423680 0.984215021 0.034125809
0.980934858 0.117055520 -0.155128404 -0.088101543 -0.107213318 0.991741180 0.070390068 0.025475770 0.162086770 -0.052416243 0.985383391 0.037701376
0.981731951 0.115047261 -0.151547015 -0.072875850 -0.105240822 0.991891742 0.071239650 0.026728492 0.158514172 -0.053989306 0.985879540 0.040870745
0.983084917 0.115051039 -0.142503694 -0.070531242 -0.105519183 0.991752207 0.072754681 0.027915364 0.149698868 -0.056487158 0.987116754 0.036133409
0.984477699 0.115823388 -0.131866053 -0.079626255 -0.106900096 0.991595745 0.072871126 0.030404929 0.139197990 -0.057643507 0.988585413 0.030816572
0.985792935 0.114848323 -0.122564733 -0.080441430 -0.106551953 0.991679132 0.072243668 0.035019230 0.129841954 -0.058157790 0.989827633 0.029426849
0.987110913 0.114719644 -0.111585990 -0.087766111 -0.107257634 0.991711497 0.070740096 0.045164164 0.118776381 -0.057859875 0.991233766 0.024318116
0.987981260 0.114007808 -0.104380526 -0.086582080 -0.106851749 0.991680980 0.071774445 0.050396081 0.111695029 -0.059758566 0.991944134 0.022060458
0.988647342 0.113053150 -0.098971896 -0.074237272 -0.105631195 0.991397858 0.077281013 0.044646025 0.106857382 -0.065949157 0.992084801 0.024008324
0.989479840 0.110093467 -0.093856707 -0.059286155 -0.103038602 0.991694570 0.076973438 0.055743046 0.101551458 -0.066492796 0.992605686 0.022409726
0.990304053 0.109893553 -0.084978320 -0.053043950 -0.102833204 0.991193712 0.083429024 0.048980817 0.093398280 -0.073881507 0.992883801 0.024945537
0.991201222 0.109026611 -0.075055301 -0.048648968 -0.102463141 0.990981042 0.086359173 0.046966262 0.083793834 -0.077908918 0.993432820 0.022650484
0.992123485 0.107569903 -0.064184636 -0.053031243 -0.101823881 0.990996957 0.086930320 0.047019012 0.072957873 -0.079710081 0.994144559 0.020755596
0.992965162 0.108502872 -0.047406044 -0.072915986 -0.104107641 0.990753531 0.087000377 0.044263057 0.056407493 -0.081453018 0.995079696 0.019962292
0.993818641 0.104542844 -0.037354250 -0.063492157 -0.101123594 0.991322637 0.083984703 0.045945052 0.045810115 -0.079688162 0.995766640 0.020131659
0.994655073 0.099914469 -0.026045535 -0.058732573 -0.097508453 0.991905510 0.081335969 0.042964771 0.033961352 -0.078361578 0.996346354 0.018438902
0.995408535 0.095289305 -0.009046837 -0.069252849 -0.094273567 0.992357254 0.079621516 0.031935956 0.016564772 -0.078403063 0.996784091 0.021180447
0.995739281 0.092192799 0.001928497 -0.060569383 -0.092069462 0.992805898 0.076548792 0.024753131 0.005142625 -0.076400198 0.997063994 0.021077018
0.995887518 0.088504814 0.019364337 -0.065120928 -0.089665242 0.993451297 0.070814654 0.025693942 -0.012970087 -0.072259739 0.997301519 0.022684611
0.996279418 0.079408906 0.033489157 -0.056595750 -0.081522353 0.994393647 0.067344844 0.011288550 -0.027953627 -0.069824398 0.997167587 0.019238628
0.997255206 0.070546418 0.022477617 0.010195925 -0.071196988 0.997023225 0.029591661 0.091005675 -0.020323122 -0.031110778 0.999309301 -0.007281625
0.997009754 0.066953383 0.038585439 -0.005521600 -0.067888878 0.997416914 0.023465751 0.092514575 -0.036914654 -0.026015105 0.998979747 -0.007377525
0.995970309 0.062223040 0.064586647 -0.049463037 -0.065026410 0.996988773 0.042248666 0.032135703 -0.061763324 -0.046278253 0.997017384 0.002918944
0.995576084 0.058815226 0.073273860 -0.041999504 -0.061926991 0.997240543 0.040943757 0.030808162 -0.070663549 -0.045300253 0.996471047 0.004115994
0.995123506 0.056234512 0.081036635 -0.025340131 -0.059380028 0.997551680 0.036941718 0.042782649 -0.078760825 -0.041573528 0.996026278 -0.005201079
0.995100200 0.053398479 0.083211489 0.002460808 -0.056564573 0.997743666 0.036165956 0.047794525 -0.081092529 -0.040695574 0.995875418 -0.002976848
0.994417191 0.052538872 0.091510341 0.009750110 -0.056025222 0.997781813 0.035953470 0.050035346 -0.089418396 -0.040879637 0.995154858 -0.007140892
0.992843747 0.049747322 0.108565815 -0.006184100 -0.054736439 0.997554243 0.043467470 0.028086824 -0.106137894 -0.049098909 0.993138492 -0.003462793
0.991448581 0.049261034 0.120843194 -0.024417073 -0.054899573 0.997531593 0.043781273 0.024288742 -0.118388183 -0.050041124 0.991705656 0.001201610
0.991499424 0.047926359 0.120962732 0.003909411 -0.052493259 0.998012900 0.034852974 0.045813646 -0.119051985 -0.040906429 0.992044985 -0.004908219
0.989627898 0.045736060 0.136179283 -0.007645330 -0.050635897 0.998180568 0.032735158 0.042807680 -0.134434327 -0.039291184 0.990143239 -0.007463958
0.988769054 0.041338854 0.143620446 -0.000972611 -0.046488367 0.998383939 0.032684866 0.036130827 -0.142037198 -0.038994465 0.989092946 -0.003498788
0.987774253 0.038984537 0.150937915 0.004054507 -0.044017561 0.998575807 0.030147484 0.034123819 -0.149547666 -0.036422826 0.988083422 -0.009798236
0.985348880 0.037703559 0.166330919 -0.008338512 -0.042141572 0.998841524 0.023232434 0.048653815 -0.165262267 -0.029901501 0.985796273 -0.007539138
0.984363854 0.031379692 0.173329532 -0.007772876 -0.036699414 0.998945951 0.027571520 0.029060595 -0.172281653 -0.033501498 0.984477878 -0.005437052
0.983409345 0.032160491 0.178526640 -0.006118768 -0.036328703 0.999137163 0.020127211 0.042898335 -0.177725315 -0.026278928 0.983729184 -0.006605607
0.982026994 0.030469278 0.186265036 -0.002680292 -0.034516752 0.999232411 0.018524623 0.039171379 -0.185557619 -0.024620941 0.982324898 -0.005938569
0.980575502 0.027181299 0.194249630 -0.005295365 -0.031634357 0.999302208 0.019858690 0.028648950 -0.193574309 -0.025617907 0.980751097 -0.008450898
0.978034258 0.028498387 0.206486836 -0.000895338 -0.032023698 0.999392509 0.013750018 0.033957578 -0.205969557 -0.020060461 0.978352785 -0.011741460
0.976115048 0.027213978 0.215542987 -0.008212686 -0.031181199 0.999400795 0.015026093 0.026585922 -0.215004906 -0.021388084 0.976378739 -0.010350560
0.975862384 0.027705900 0.216621742 0.007970645 -0.030626304 0.999479532 0.010135546 0.039274767 -0.216228172 -0.016525222 0.976203024 -0.010663512
0.973208070 0.028765282 0.228119656 0.001984459 -0.031763416 0.999450445 0.009481594 0.038462367 -0.227721557 -0.016473424 0.973586917 -0.018977448
0.970199585 0.028185470 0.240662411 -0.010595862 -0.031757496 0.999435306 0.010976176 0.033526003 -0.240217134 -0.018291917 0.970546842 -0.009911198
0.973195195 0.022978287 0.228829756 0.047421426 -0.026975811 0.999532998 0.014356416 0.021644795 -0.228393003 -0.020144463 0.973360598 -0.008539700
0.971006751 0.022968451 0.237946093 0.039855145 -0.025922069 0.999620795 0.009291032 0.028168978 -0.237642467 -0.015189711 0.971233904 -0.009624922
0.969603062 0.022101095 0.243682995 0.044278443 -0.024307253 0.999686241 0.006049769 0.029823594 -0.243472829 -0.011789139 0.969836056 -0.008291380
0.967676163 0.021801375 0.251251906 0.043066759 -0.022565156 0.999745369 0.000158974 0.035604354 -0.251184434 -0.005823374 0.967921734 -0.012983900
0.966384113 0.018213082 0.256456584 0.052572347 -0.019268688 0.999813080 0.001603687 0.021833152 -0.256379455 -0.006491359 0.966554403 -0.010332345
0.964279056 0.015630715 0.264426917 0.045216441 -0.016133565 0.999869823 -0.000270100 0.015475157 -0.264396697 -0.004005696 0.964405715 -0.009809869
0.962728679 0.014389542 0.270085961 0.049352609 -0.013886486 0.999896467 -0.003773368 0.014488323 -0.270112306 -0.000117815 0.962828815 -0.013854955
0.961951613 0.009166110 0.273066163 0.074455403 -0.009655541 0.999953270 0.000448535 -0.005091648 -0.273049295 -0.003068071 0.961995125 -0.013014104
0.959283352 0.009870426 0.282272875 0.075282700 -0.008111649 0.999939740 -0.007398727 0.012335093 -0.282328904 0.004807778 0.959305644 -0.018376647
0.952535868 0.005977183 0.304367632 0.046568267 -0.007981862 0.999953866 0.005342560 -0.026765004 -0.304321676 -0.007518401 0.952539682 -0.004527755
0.948252320 0.002197998 0.317510217 0.042291638 -0.004859523 0.999959409 0.007590763 -0.032338355 -0.317480654 -0.008740907 0.948224485 -0.002509798
0.944846749 -0.001866695 0.327507466 0.032854527 -0.000525744 0.999973834 0.007216303 -0.032491453 -0.327512354 -0.006990485 0.944821060 0.001482681
0.941794991 -0.004558622 0.336156845 0.042119570 0.001794108 0.999961972 0.008534012 -0.034498397 -0.336182952 -0.007434189 0.941767335 -0.001453896
0.937784016 -0.006521733 0.347157925 0.045811672 0.006658516 0.999977529 0.000798879 -0.012028518 -0.347155303 0.001562380 0.937806368 -0.003995927
0.934871078 -0.009507394 0.354860097 0.047768503 0.011054558 0.999936163 -0.002332747 -0.005780796 -0.354815274 0.006103639 0.934916496 -0.004926482
0.929784179 -0.010488237 0.367955625 0.033824563 0.012150246 0.999923766 -0.002200453 -0.011617836 -0.367904484 0.006516697 0.929840744 -0.002979055
0.923371434 -0.018261658 0.383473307 0.046194963 0.021473223 0.999761045 -0.004095372 -0.015221843 -0.383306891 0.012015956 0.923542857 -0.002425391
0.921820819 -0.019051325 0.387147784 0.057929266 0.023929983 0.999683321 -0.007784792 -0.004792172 -0.386876881 0.016440623 0.921984792 -0.008762662
0.925669909 -0.023669641 0.377590925 0.120911747 0.030712791 0.999448299 -0.012641526 0.012510329 -0.377083391 0.023298752 0.925886214 -0.034849823
0.920051217 -0.025005903 0.390999407 0.101775482 0.033535913 0.999324918 -0.015001906 0.022690853 -0.390360326 0.026915042 0.920268655 -0.032289471
0.917441905 -0.026958808 0.396955371 0.101106547 0.035064042 0.999298215 -0.013173607 0.021064034 -0.396321654 0.026004881 0.917743385 -0.032269347
0.914999783 -0.028850727 0.402421504 0.104876682 0.036636427 0.999260604 -0.011661725 0.022548035 -0.401787490 0.025413761 0.915380239 -0.032291513
0.914589465 -0.033074938 0.403028756 0.117894977 0.038538702 0.999242246 -0.005451757 0.010844722 -0.402543038 0.020518323 0.915171087 -0.036140915
0.911473393 -0.029818034 0.410276860 0.107772991 0.036406532 0.999302983 -0.008253783 0.026565500 -0.409744769 0.022459863 0.911923647 -0.034461390
0.908024073 -0.032639001 0.417644531 0.105121531 0.038089629 0.999263167 -0.004720160 0.024825513 -0.417182714 0.020193942 0.908598244 -0.036319930
0.907674551 -0.036311526 0.418100923 0.118354976 0.039672155 0.999212563 0.000654207 0.018273542 -0.417795449 0.015993159 0.908400357 -0.038378742
0.906102836 -0.036031280 0.421520382 0.114725165 0.038935367 0.999240279 0.001718679 0.021772485 -0.421262056 0.014854751 0.906817317 -0.035295993
0.905437946 -0.036705084 0.422888756 0.116915017 0.038758978 0.999241590 0.003744235 0.021538323 -0.422705472 0.013000563 0.906173885 -0.036346499
0.904296279 -0.038483243 0.425167382 0.113258451 0.039922852 0.999187469 0.005526975 0.023098096 -0.425034642 0.011975871 0.905097842 -0.035908230
0.905238211 -0.038981315 0.423112541 0.121290937 0.039253738 0.999196649 0.008073547 0.022334691 -0.423087329 0.009300265 0.906041145 -0.038198452
0.904212475 -0.036323797 0.425535381 0.119914889 0.037141789 0.999289632 0.006377676 0.031947054 -0.425464749 0.010038371 0.904919326 -0.037142798
0.904832304 -0.040199008 0.423866242 0.125980750 0.038826820 0.999175370 0.011876624 0.021648847 -0.423994154 0.005711022 0.905646920 -0.040612966
0.903976858 -0.038763605 0.425820678 0.118746087 0.038222201 0.999221027 0.009819677 0.030944817 -0.425869614 0.007399044 0.904754281 -0.040191934
0.912670910 -0.044412307 0.406274945 0.181219965 0.039851166 0.999011695 0.019684736 0.004564378 -0.406747669 -0.001775155 0.913538814 -0.053690672
0.912191153 -0.043212015 0.407480091 0.174284011 0.038558770 0.999063492 0.019629374 0.007969383 -0.407946736 -0.002193811 0.913003087 -0.052860450
0.911478102 -0.045242414 0.408853024 0.166510403 0.039903209 0.998970389 0.021584608 0.007827845 -0.409408599 -0.003359351 0.912344933 -0.052116267
0.911837459 -0.046776250 0.407877952 0.166002691 0.041030757 0.998897076 0.022828588 0.009075847 -0.408495933 -0.004080424 0.912751019 -0.053002175
0.912732661 -0.047911931 0.405738294 0.167856321 0.041412238 0.998834610 0.024788868 0.009448850 -0.406453133 -0.005823079 0.913653076 -0.052755930
0.912260056 -0.045720443 0.407051951 0.159383342 0.039645582 0.998940945 0.023350686 0.017433662 -0.407688469 -0.005164084 0.913106501 -0.051101256
0.913437843 -0.047595412 0.404185623 0.165425718 0.040046223 0.998829842 0.027116211 0.010771548 -0.405003279 -0.008582866 0.914274931 -0.052732956
0.913218856 -0.046526402 0.404804349 0.153505608 0.038372844 0.998864412 0.028237745 0.012824971 -0.405658484 -0.010253749 0.913967192 -0.049899869
0.915221930 -0.043775380 0.400565296 0.161819622 0.035737880 0.998982251 0.027517963 0.017598998 -0.401362211 -0.010869692 0.915854931 -0.050565887
0.914651215 -0.043052055 0.401944906 0.154201224 0.035678677 0.999029815 0.025816333 0.026770525 -0.402666360 -0.009272080 0.915299833 -0.050992198
0.916124225 -0.045450892 0.398309678 0.158888578 0.036494639 0.998882174 0.030043112 0.019805364 -0.399229914 -0.012987057 0.916758895 -0.050517280
0.915781021 -0.044925008 0.399157643 0.155463502 0.036234517 0.998913825 0.029295012 0.029847413 -0.400040150 -0.012364536 0.916414201 -0.051650204
0.915175617 -0.048364930 0.400142998 0.151149809 0.038756900 0.998733759 0.032074325 0.032859072 -0.401187569 -0.013845338 0.915891290 -0.050773885
0.917640507 -0.055365752 0.393535912 0.155473426 0.042116668 0.998219788 0.042230528 0.012925750 -0.395173490 -0.022178020 0.918338776 -0.047805827
0.919577658 -0.051857151 0.389471084 0.156091571 0.040098391 0.998462677 0.038266890 0.033688035 -0.390856773 -0.019572213 0.920243382 -0.048319083
0.922855198 -0.055530407 0.381122857 0.171501145 0.041538216 0.998129845 0.044848517 0.026250657 -0.382900566 -0.025557524 0.923435986 -0.051499780
0.923466086 -0.060472645 0.378884465 0.155794635 0.043430790 0.997629702 0.053373642 0.012894698 -0.381214052 -0.032833502 0.923903584 -0.041206308
0.929564953 -0.056730434 0.364267349 0.162475064 0.040189706 0.997794151 0.052835800 0.025011182 -0.366461217 -0.034474507 0.929794431 -0.046246614
0.932761192 -0.056377057 0.356059194 0.163812041 0.039099846 0.997690499 0.055541426 0.024775669 -0.358368158 -0.037885025 0.932811320 -0.048318576
0.945444465 -0.060246278 0.320164353 0.245176971 0.040836725 0.996916771 0.067002065 -0.001591530 -0.323213845 -0.050272264 0.944989681 -0.056567308
0.949660420 -0.056437984 0.308155566 0.214404240 0.037734918 0.997084379 0.066323869 0.000958739 -0.311000258 -0.051356930 0.949021220 -0.053821024
0.957823277 -0.052767873 0.282471567 0.241763845 0.035850801 0.997258604 0.064730361 0.004250274 -0.285112888 -0.051873416 0.957089245 -0.050897360
0.966720998 -0.046518356 0.251568258 0.270177096 0.031921580 0.997578084 0.061798073 0.004790202 -0.253833711 -0.051711038 0.965864599 -0.061387695
0.974356234 -0.040354438 0.221362740 0.302899450 0.027307361 0.997721851 0.061687939 -0.003881809 -0.223347813 -0.054061197 0.973238468 -0.061334744
0.973579049 -0.032907978 0.225966543 0.220620647 0.020235142 0.998101473 0.058172297 0.000673974 -0.227451861 -0.052062865 0.972396612 -0.046642736
0.978740454 -0.027891871 0.203197464 0.239641055 0.016539011 0.998216748 0.057356682 0.001996247 -0.204434887 -0.052776616 0.977456391 -0.045276552
0.983234406 -0.022902211 0.180902347 0.264229596 0.012022542 0.998064697 0.061010346 -0.005240262 -0.181949511 -0.057812564 0.981606901 -0.045322873
0.986697316 -0.017315270 0.161643505 0.283488303 0.007348857 0.998045862 0.062052201 -0.003771405 -0.162402093 -0.060038846 0.984896362 -0.049461894
0.985824823 -0.010683391 0.167437494 0.221995190 0.000256158 0.998065293 0.062173624 0.001420814 -0.167777777 -0.061249409 0.983920276 -0.040465206
0.984143853 -0.003316912 0.177341089 0.143183455 -0.006587918 0.998451710 0.055233881 0.026196055 -0.177249715 -0.055526391 0.982598245 -0.026752455
0.986562014 -0.000704074 0.163385913 0.141815960 -0.008695910 0.998347104 0.056810070 0.024291061 -0.163155869 -0.057467442 0.984925210 -0.022223972
0.987658799 0.000824572 0.156618536 0.122262605 -0.010379178 0.998132527 0.060197569 0.015385583 -0.156276405 -0.061080232 0.985822976 -0.019821038
0.988788009 0.000118522 0.149325877 0.096112095 -0.007497136 0.998777926 0.048850887 0.033874623 -0.149137616 -0.049422689 0.987580538 -0.047165096
0.990047693 0.004190518 0.140669927 0.092549182 -0.012451509 0.998244882 0.057897415 0.008024759 -0.140180424 -0.059072752 0.988362193 -0.017395893
0.991775990 0.009200935 0.127654672 0.100461699 -0.015741657 0.998608887 0.050323755 0.024477549 -0.127014071 -0.051919386 0.990541160 -0.023824934
0.990846097 0.012774009 0.134390458 0.045429729 -0.017600257 0.999239802 0.034785561 0.056369815 -0.133843943 -0.036832444 0.990317702 -0.016466694
0.992004633 0.023887152 0.123920217 0.041485034 -0.028072724 0.999089062 0.032140691 0.065721214 -0.123039573 -0.035362493 0.991771519 -0.010009130
0.992959321 0.030393174 0.114490561 0.042600516 -0.033809558 0.999035537 0.028016765 0.072238252 -0.113528617 -0.031690381 0.993029177 -0.013538429
0.993747234 0.026741017 0.108403385 0.033838980 -0.029812761 0.999195755 0.026815034 0.057412580 -0.107599139 -0.029879171 0.993745267 -0.017924983
0.994807482 0.033777744 0.096006170 0.038163833 -0.036577612 0.998950899 0.027554201 0.053949237 -0.094974726 -0.030922802 0.994999290 -0.011653334
0.995045483 0.035852835 0.092731059 0.015467379 -0.038085535 0.999022961 0.022420034 0.056151353 -0.091836631 -0.025840666 0.995438755 -0.019505635
0.991018534 0.043485906 0.126456663 -0.097642407 -0.047709625 0.998393536 0.030564426 0.037830848 -0.124924384 -0.036323112 0.991501153 0.065809183
0.993434012 0.043627188 0.105761565 -0.080994606 -0.047499642 0.998279572 0.034375742 0.014677014 -0.104079895 -0.039173670 0.993797183 0.041284479
0.996566892 0.050149675 0.065874070 -0.006184278 -0.051244367 0.998573005 0.015033708 0.064481512 -0.065026134 -0.018357771 0.997714698 -0.021892669
0.996717036 0.048580982 0.064769149 -0.020166431 -0.049850568 0.998592079 0.018130949 0.047852322 -0.063797146 -0.021300206 0.997735560 -0.006325357
0.993743956 0.058681384 0.095023550 -0.139549524 -0.059445940 0.998217821 0.005232776 0.090301037 -0.094547130 -0.010848803 0.995461285 0.070828348
0.997022748 0.064059950 0.042918161 -0.073922984 -0.064420827 0.997897744 0.007077517 0.084215030 -0.042374551 -0.009821269 0.999053538 0.022146702
0.997892499 0.061746296 0.019949676 -0.036489215 -0.062144984 0.997866273 0.020023711 0.040522512 -0.018670717 -0.021221284 0.999600470 -0.012975306
0.997374654 0.064052671 0.033780362 -0.104205340 -0.064705089 0.997731328 0.018586317 0.045969985 -0.032513220 -0.020723281 0.999256432 0.026564056
0.997820020 0.065301724 -0.009536066 -0.036785726 -0.065095671 0.997668028 0.020520415 0.036720339 0.010853847 -0.019854926 0.999743938 -0.001150088
