1548339959.129720 0.000000000 0.000000000 0.000000000 -0.000000000 -0.000000000 -0.000000000 1.000000000
1548339959.163130 -0.003411025 -0.001049340 -0.001055353 0.000586885 0.000107214 -0.001173077 0.999999166
1548339959.195850 -0.000443534 -0.001991923 -0.001912988 0.001379615 -0.000495452 -0.002783392 0.999995053
1548339959.229360 -0.001485793 -0.000709920 -0.002643005 0.002683646 0.000227179 -0.004597917 0.999985814
1548339959.263210 -0.001307605 -0.002672192 -0.004155571 0.003346081 0.000771477 -0.005170438 0.999980748
1548339959.330250 -0.007116430 0.003950258 -0.007058303 0.005806635 0.000587457 -0.006287248 0.999963224
1548339959.363520 -0.008253594 0.004304537 -0.007527493 0.005747688 -0.000448768 -0.005038503 0.999970734
1548339959.430550 -0.006415361 0.011506296 -0.012015538 0.004398627 -0.004036524 -0.003874637 0.999974728
1548339959.464010 -0.012491644 0.007148972 -0.010417074 0.002295201 -0.003502335 -0.002458203 0.999988198
1548339959.497580 -0.008238486 0.007740342 -0.011343159 0.000603619 -0.006037471 -0.002104521 0.999979377
1548339959.531100 -0.002199641 0.004188585 -0.011397495 -0.001536903 -0.008574758 -0.002666455 0.999958515
1548339959.564660 0.001340645 0.005079817 -0.014137985 -0.002365376 -0.009025216 -0.003862439 0.999949038
1548339959.598180 -0.014260142 -0.004445725 -0.012544367 -0.004500275 -0.007616450 -0.003695186 0.999954045
1548339959.631780 0.001491770 -0.008688726 -0.011069340 -0.005071945 -0.012841309 -0.005098295 0.999891698
1548339959.665330 -0.002914100 -0.006096879 -0.012609364 -0.004097209 -0.010988823 -0.007979136 0.999899387
1548339959.698850 -0.020791380 -0.009391003 -0.012243317 -0.003988058 -0.009296285 -0.006215249 0.999929547
1548339959.732370 -0.017065646 -0.013741778 -0.015418655 -0.003978002 -0.015104462 -0.006632891 0.999855995
1548339959.765890 -0.000021003 0.003209205 -0.014260331 -0.000966583 -0.018772224 -0.010008114 0.999773264
1548339959.799400 -0.010904491 -0.001164734 -0.017836191 -0.001584289 -0.016478634 -0.008793191 0.999824286
1548339959.832910 -0.001030392 0.006023384 -0.021187251 -0.000679308 -0.019925941 -0.009087772 0.999759972
1548339959.866430 0.001851231 0.009070943 -0.025030291 -0.001273103 -0.018604403 -0.011071780 0.999764800
1548339959.899950 -0.015616026 0.003360884 -0.024561342 -0.003407285 -0.015866963 -0.009095432 0.999826908
1548339959.933480 -0.000323590 0.004806843 -0.025055669 -0.004445978 -0.020752164 -0.009864302 0.999726117
1548339959.966990 0.002631221 0.007940130 -0.027961198 -0.005404846 -0.020126168 -0.012748665 0.999701560
1548339960.000510 -0.004620719 0.010285172 -0.027490238 -0.006576756 -0.017680960 -0.012406965 0.999745071
1548339960.034040 -0.005322755 0.012594101 -0.027068099 -0.007674061 -0.016754378 -0.013437213 0.999739885
1548339960.067560 -0.004891963 0.017152889 -0.026741097 -0.008362041 -0.015872570 -0.013448744 0.999748588
1548339960.101080 0.000335464 0.007660846 -0.026668601 -0.010880773 -0.016507043 -0.012278127 0.999729216
1548339960.134600 -0.008391461 0.016842492 -0.021349795 -0.009883453 -0.015637010 -0.012846379 0.999746382
1548339960.168120 -0.012309832 0.013289473 -0.024190130 -0.010761158 -0.013989553 -0.012432140 0.999766946
1548339960.201680 0.007544443 0.005728337 -0.022884652 -0.012492050 -0.016267285 -0.010377458 0.999735832
1548339960.235260 0.008735579 0.007703262 -0.022864571 -0.012340441 -0.015115588 -0.010216058 0.999757469
1548339960.269020 0.005840120 0.006828613 -0.024216633 -0.012570193 -0.013029781 -0.008906938 0.999796450
1548339960.302680 0.007545986 0.017577199 -0.024457462 -0.011219396 -0.013017997 -0.008409968 0.999816954
1548339960.336260 -0.009619221 0.028969297 -0.027718553 -0.010334988 -0.008761488 -0.010044592 0.999857783
1548339960.369790 -0.054146823 0.019819207 -0.025960121 -0.013199346 -0.000518974 -0.011262746 0.999849319
1548339960.403300 -0.041676313 0.031036569 -0.028368667 -0.012930155 -0.002259528 -0.011385689 0.999849021
1548339960.436820 -0.041430511 0.035720643 -0.031645689 -0.014502547 -0.000517861 -0.012766435 0.999813259
1548339960.470350 -0.018970244 0.032803647 -0.030197518 -0.017641516 -0.002506928 -0.010333773 0.999787867
1548339960.503900 0.012560233 0.026843550 -0.029555075 -0.020794259 -0.006700971 -0.008711987 0.999723434
1548339960.537460 0.013344906 0.024439476 -0.027824812 -0.023218403 -0.005407883 -0.008633143 0.999678552
1548339960.570980 -0.015500998 0.024774516 -0.026926510 -0.024314744 -0.000610653 -0.009383057 0.999660134
1548339960.604500 0.012636139 0.011420101 -0.025139205 -0.026361540 -0.005594604 -0.007437153 0.999609172
1548339960.638160 0.008976809 0.004298565 -0.022662632 -0.026462635 -0.004715941 -0.007023827 0.999614060
1548339960.671730 -0.010297509 0.000274958 -0.018987816 -0.025139811 -0.002991425 -0.006825577 0.999656200
1548339960.705240 0.022065638 -0.003835690 -0.019407155 -0.023063479 -0.011207581 -0.005801118 0.999654412
1548339960.738760 -0.012837562 -0.007358321 -0.016117750 -0.020333378 -0.007857820 -0.007880311 0.999731362
1548339960.772280 0.013878847 -0.015162990 -0.013718458 -0.018080141 -0.013712238 -0.006510651 0.999721348
1548339960.805820 0.022654118 -0.012215963 -0.011890149 -0.014034664 -0.016623104 -0.007458840 0.999735534
1548339960.839340 0.022319995 -0.016909327 -0.011559955 -0.011581718 -0.016727073 -0.007435889 0.999765396
1548339960.872820 -0.009715164 -0.021925390 -0.011247855 -0.009672047 -0.013016212 -0.007929485 0.999837101
1548339960.906340 -0.025022198 -0.022757217 -0.011874598 -0.006779763 -0.012239035 -0.008162879 0.999868810
1548339960.939860 -0.013221856 -0.023301087 -0.011494149 -0.004419161 -0.014635521 -0.007312540 0.999856412
1548339960.973170 -0.041360993 -0.019319564 -0.011544704 -0.001380786 -0.011812252 -0.007311749 0.999902606
1548339961.006680 -0.010737451 -0.027809709 -0.009636420 -0.000295494 -0.018552411 -0.005489779 0.999812782
1548339961.040040 -0.010333009 -0.013691787 -0.010714678 0.003305138 -0.018638831 -0.005768364 0.999804139
1548339961.073430 -0.015443975 -0.022796825 -0.009714299 0.002932306 -0.017153142 -0.004367953 0.999839067
1548339961.106930 -0.011158722 -0.025820224 -0.011308689 0.003981769 -0.018268205 -0.003147874 0.999820232
1548339961.140440 -0.009935241 -0.023588570 -0.011343985 0.005482855 -0.017738277 -0.002650303 0.999824166
1548339961.173940 0.002843443 -0.020426363 -0.012875211 0.006412743 -0.018686933 -0.002977389 0.999800384
1548339961.207460 -0.045110095 -0.032546561 -0.008320186 0.005002533 -0.010670221 -0.003591898 0.999924123
1548339961.240980 -0.005036358 -0.019043898 -0.009778270 0.007810644 -0.015813744 -0.002760631 0.999840677
1548339961.274490 -0.009584553 -0.017731909 -0.008671568 0.007978240 -0.014390592 -0.002135922 0.999862373
1548339961.308010 -0.007802122 -0.014649448 -0.009618355 0.007498100 -0.014915931 -0.002381188 0.999857843
1548339961.341520 -0.006087393 -0.006081837 -0.010118985 0.006990016 -0.014243647 -0.004182017 0.999865413
1548339961.375040 -0.005404542 -0.007274461 -0.007289504 0.005070139 -0.012534807 -0.002952725 0.999904215
1548339961.408540 -0.002553368 0.001747398 -0.006885997 0.004208491 -0.012563825 -0.003197584 0.999907196
1548339961.441980 0.035918050 0.016708218 -0.007800374 0.003195152 -0.016514847 -0.004191631 0.999849737
1548339961.474800 0.001397961 0.006269409 -0.003493164 -0.000965186 -0.008673308 -0.005000265 0.999949455
1548339961.508300 -0.011931458 0.009032408 -0.002411315 -0.002493610 -0.004946737 -0.004838188 0.999972939
1548339961.541820 -0.002998482 0.014447963 -0.000715584 -0.004501394 -0.004901725 -0.005449373 0.999963045
1548339961.575330 -0.017941574 -0.000685570 -0.002845960 -0.008887753 -0.000510146 -0.004443633 0.999950588
1548339961.608850 0.008641994 0.010134271 -0.000655599 -0.008696573 -0.003316149 -0.003464354 0.999950707
1548339961.642370 -0.013975221 0.005812212 0.003315119 -0.010598046 0.001020509 -0.004501008 0.999933243
1548339961.676120 -0.009159219 0.006757405 0.001342566 -0.011273673 0.001182872 -0.004262156 0.999926686
1548339961.709650 -0.011239048 0.006683139 -0.000862250 -0.011872726 0.002169628 -0.004135661 0.999918640
1548339961.743160 -0.013600373 0.003676757 0.001122104 -0.012873641 0.002229386 -0.004137091 0.999906182
1548339961.776660 -0.018482344 0.004742764 0.001377364 -0.013352534 0.002354968 -0.005340727 0.999893904
1548339961.810140 0.001361878 0.003638211 -0.003209263 -0.013842657 -0.000871186 -0.005845357 0.999886751
1548339961.843660 -0.001297829 0.005289042 -0.004033802 -0.013227032 -0.000939869 -0.005878678 0.999894798
1548339961.877210 -0.004884284 0.006920750 -0.007392404 -0.013020466 -0.001240218 -0.006987530 0.999890089
1548339961.910740 -0.007902024 0.011044713 -0.008078239 -0.012866009 -0.000282504 -0.007926988 0.999885857
1548339961.944260 -0.014086046 0.003160986 -0.010719042 -0.013787194 0.000351294 -0.006734857 0.999882221
1548339961.977780 -0.016229717 0.002636440 -0.010908512 -0.013410455 -0.002143312 -0.006124432 0.999889016
1548339962.011290 -0.010231660 0.013779523 -0.012478288 -0.012284503 -0.004131004 -0.008059742 0.999883533
1548339962.044810 -0.036226626 0.012064737 -0.007362131 -0.013096236 -0.000860596 -0.008196807 0.999880314
1548339962.078310 -0.041467428 0.010676226 -0.008442600 -0.014179198 -0.002522661 -0.009488774 0.999851286
1548339962.111790 -0.037011597 0.020751201 -0.008543379 -0.012880825 -0.004350444 -0.010000008 0.999857605
1548339962.145300 -0.045336772 0.018411890 -0.009713280 -0.013485436 -0.004773419 -0.010291782 0.999844790
1548339962.178800 -0.040623885 0.024275828 -0.011930393 -0.012887073 -0.008502260 -0.011043961 0.999819815
1548339962.212320 -0.019213106 0.020861188 -0.016745014 -0.013718103 -0.013748724 -0.011306412 0.999747455
1548339962.245850 -0.015236574 0.023995496 -0.017169295 -0.013506614 -0.015658587 -0.010441539 0.999731660
1548339962.279380 -0.031401910 0.029149050 -0.016216971 -0.013243995 -0.018305756 -0.011312990 0.999680758
1548339962.313060 -0.018266479 0.031080931 -0.018030941 -0.013988995 -0.024118600 -0.012520086 0.999532819
1548339962.346410 -0.025890164 0.036411554 -0.016275434 -0.014005472 -0.025298117 -0.012443059 0.999504447
1548339962.379890 -0.023220068 0.037897237 -0.014237280 -0.015236295 -0.030389801 -0.014024327 0.999323606
1548339962.413390 -0.024254363 0.036975939 -0.014516006 -0.016906859 -0.033048715 -0.015931560 0.999183774
1548339962.446900 -0.050294232 0.023763219 -0.019682186 -0.020322230 -0.031937920 -0.016647080 0.999144614
1548339962.480470 -0.038708370 0.025015524 -0.017355815 -0.021898547 -0.037499975 -0.018070085 0.998893201
1548339962.514300 -0.041683670 0.016080454 -0.011928266 -0.025527829 -0.037587557 -0.020052647 0.998765945
1548339962.547820 -0.042434722 0.022044009 -0.012353874 -0.025865080 -0.039015755 -0.020710493 0.998689055
1548339962.581370 -0.045087542 0.022819620 -0.013488850 -0.026506810 -0.040004008 -0.021791929 0.998610139
1548339962.615000 -0.059204444 0.015461530 -0.009892235 -0.028122535 -0.039024591 -0.022870088 0.998580635
1548339962.648510 -0.043102462 0.039973345 -0.018660661 -0.022789730 -0.044889785 -0.021578364 0.998498797
1548339962.682030 -0.045452736 0.013578905 -0.009539256 -0.028038859 -0.047193885 -0.022910476 0.998229265
1548339962.715510 -0.035071474 0.024733974 -0.010922207 -0.025161594 -0.050014332 -0.021924738 0.998190820
1548339962.749020 -0.050506674 0.019922759 -0.012859693 -0.025236841 -0.051759575 -0.021966906 0.998098969
1548339962.782540 -0.053170197 0.018220358 -0.013411910 -0.024635391 -0.054759342 -0.021062953 0.997973442
1548339962.816020 -0.048312865 0.016639331 -0.010032983 -0.024411215 -0.057475831 -0.020177990 0.997844458
1548339962.849530 -0.071227670 0.040155496 -0.016758412 -0.020007754 -0.057196002 -0.020816682 0.997945368
1548339962.883050 -0.044922285 0.060273170 -0.017847624 -0.015209350 -0.063278511 -0.018079238 0.997716188
1548339962.916560 -0.021911649 0.078393273 -0.021518089 -0.011209686 -0.067274444 -0.016362147 0.997537374
1548339962.950080 -0.010951010 0.075513989 -0.019331267 -0.011543745 -0.069934241 -0.015312059 0.997367322
1548339962.983520 -0.016689355 0.081286639 -0.020586174 -0.009999669 -0.070307150 -0.016516827 0.997338593
1548339963.017030 0.008886480 0.084621988 -0.021161033 -0.008711722 -0.074145712 -0.016199784 0.997077823
1548339963.050510 -0.015738001 0.078088515 -0.018407280 -0.010186132 -0.071912870 -0.018460352 0.997188091
1548339963.084020 -0.000530553 0.072537564 -0.017034737 -0.011188111 -0.075162336 -0.019683367 0.996914268
1548339963.117540 -0.006012054 0.071082070 -0.015748050 -0.011241052 -0.074595675 -0.021310739 0.996922791
1548339963.151060 -0.032327596 0.075059898 -0.014695772 -0.010396270 -0.072101504 -0.023168355 0.997074068
1548339963.184570 -0.040737722 0.065981872 -0.017190520 -0.010783239 -0.072824530 -0.024355026 0.996989071
1548339963.218090 -0.028301740 0.051566359 -0.010269023 -0.011854682 -0.076241389 -0.024841430 0.996709466
1548339963.251600 -0.092165858 0.033483151 -0.009131795 -0.013619708 -0.068680130 -0.028169336 0.997148037
1548339963.285120 -0.090883173 0.030364767 -0.008192178 -0.012135738 -0.072578952 -0.028649949 0.996877253
1548339963.319010 -0.085180916 0.028157234 -0.008395827 -0.010116232 -0.075513303 -0.029640188 0.996652842
1548339963.352530 -0.095237017 0.030512439 -0.010489720 -0.007607667 -0.075805090 -0.029751835 0.996649683
1548339963.386040 -0.096097447 0.032941144 -0.011364638 -0.005676353 -0.079165414 -0.030460022 0.996379852
1548339963.419690 -0.081962362 0.029192749 -0.003694958 -0.005215134 -0.081633419 -0.030311387 0.996187747
1548339963.453200 -0.116476983 0.010209219 -0.015223023 -0.007095445 -0.076797158 -0.029581625 0.996582568
1548339963.486720 -0.105888367 0.008252863 -0.010207453 -0.006434434 -0.081840284 -0.029971536 0.996173918
1548339963.520230 -0.112245008 0.004671551 -0.010109756 -0.006382839 -0.085622594 -0.031586036 0.995806456
1548339963.553750 -0.164401442 0.030053057 -0.013789696 -0.002273822 -0.084580958 -0.033641215 0.995845973
1548339963.587140 -0.074139036 0.033984326 0.003690104 -0.001523696 -0.102670044 -0.034813095 0.994104922
1548339963.620650 -0.175054058 0.040121615 -0.027954202 -0.001553418 -0.094695754 -0.037735365 0.994789600
1548339963.654020 -0.132174060 0.023899319 -0.012188170 -0.004876168 -0.106711544 -0.041598324 0.993407488
1548339963.687540 -0.140646651 0.016731301 -0.016673291 -0.006875858 -0.107634775 -0.043481823 0.993215442
1548339963.720980 -0.285100669 0.057902347 -0.014767529 -0.003214237 -0.093360253 -0.047031604 0.994515717
1548339963.754230 -0.095902257 0.039754909 -0.004453966 -0.005151566 -0.128897280 -0.045956898 0.990579128
1548339963.787730 -0.119658723 0.009745681 -0.007599618 -0.011692550 -0.126979142 -0.049363017 0.990607321
1548339963.821130 -0.101714879 0.059998285 0.017890507 -0.005252927 -0.132817179 -0.047888167 0.989969075
1548339963.854640 0.020067498 0.039702158 0.039377965 -0.007211282 -0.153989688 -0.042531729 0.987130344
1548339963.887990 -0.130644351 -0.029572060 0.013641825 -0.018319009 -0.132932603 -0.050297853 0.989678502
1548339963.921480 -0.148220882 0.055393148 0.018930465 -0.004192261 -0.133443147 -0.049346611 0.989818335
1548339963.954990 -0.132432386 0.040402614 0.028223127 -0.003866339 -0.139788166 -0.049124297 0.988954544
1548339963.988510 -0.127660424 0.017950855 0.027351107 -0.004370854 -0.140703052 -0.049340561 0.988812029
1548339964.021990 -0.110306211 0.036016706 0.028444195 0.001285524 -0.145607948 -0.043825462 0.988370419
1548339964.055500 -0.134167910 0.025590720 0.028815452 0.003011697 -0.147504166 -0.046418335 0.987967014
1548339964.089010 -0.125314400 0.018816788 0.029638723 0.004332487 -0.149078339 -0.046063699 0.987742364
1548339964.122520 -0.074009106 0.023156336 0.031025846 0.006691973 -0.156230778 -0.042084944 0.986800909
1548339964.156040 -0.112369686 0.027137410 0.028022533 0.007678809 -0.151727661 -0.044569064 0.987387180
1548339964.189560 -0.119776785 0.026916761 0.030526752 0.007253343 -0.150603667 -0.045948729 0.987499237
1548339964.223070 -0.134600401 0.019317046 0.030387497 0.005239639 -0.148022860 -0.048918717 0.987759471
1548339964.256590 -0.112888858 0.019513885 0.031439047 0.005021191 -0.152275369 -0.049497955 0.987085104
1548339964.290150 -0.112824604 0.014966564 0.035047337 0.003833820 -0.152862370 -0.052398194 0.986849964
1548339964.323770 -0.118815646 0.014946449 0.035154123 0.002624158 -0.150441065 -0.054381222 0.987118661
1548339964.357520 -0.109198555 0.024353394 0.035737682 0.003518509 -0.151065812 -0.054228514 0.987028956
1548339964.391180 -0.116871953 0.008801599 0.039585609 0.000022620 -0.148679316 -0.057679851 0.987201869
1548339964.424710 -0.119326830 0.015389422 0.040153500 -0.000195090 -0.145414978 -0.057642635 0.987690151
1548339964.458240 -0.118599154 0.022307595 0.040928505 -0.000121228 -0.143455446 -0.057387013 0.987991571
1548339964.491750 -0.111295708 0.004949817 0.040277388 -0.003859896 -0.142617717 -0.058728714 0.988026440
1548339964.525270 -0.116944246 0.006334160 0.040131334 -0.004839051 -0.139110371 -0.059156809 0.988496542
1548339964.558790 -0.128855765 0.013028373 0.039298840 -0.004796027 -0.134561628 -0.059097715 0.989129782
1548339964.592320 -0.132029012 0.010251655 0.040735077 -0.005568807 -0.130610228 -0.059542231 0.989628613
1548339964.625840 -0.125269338 0.002803907 0.041763928 -0.007429725 -0.125983909 -0.058614094 0.990271330
1548339964.659360 -0.122504555 0.015243978 0.037512936 -0.005959197 -0.122646928 -0.056953844 0.990796924
1548339964.692880 -0.101626791 0.002283620 0.044106264 -0.009046649 -0.122834899 -0.056503728 0.990776002
1548339964.726440 -0.090098083 0.005969686 0.048357908 -0.010091410 -0.120784834 -0.056500643 0.991018116
1548339964.759950 -0.096469864 0.010853475 0.042435873 -0.011774493 -0.115772061 -0.056710262 0.991585672
1548339964.793430 -0.090372771 0.013083794 0.045315653 -0.014592446 -0.113360487 -0.057023749 0.991808832
1548339964.826950 -0.097504273 0.017992144 0.043951735 -0.017896589 -0.108545646 -0.057294380 0.992277622
1548339964.860500 -0.089663148 0.021560678 0.044148110 -0.020804869 -0.105739586 -0.057712443 0.992499650
1548339964.893980 -0.090217680 0.017701389 0.044779610 -0.024902612 -0.101813525 -0.057690989 0.992816985
1548339964.927480 -0.082453340 0.018947706 0.048299965 -0.027554121 -0.098747306 -0.057205874 0.993084729
1548339964.960790 -0.092185915 0.016187303 0.045104563 -0.029899364 -0.092816807 -0.058121849 0.993535578
1548339964.994120 -0.085476518 0.019650267 0.043575667 -0.030571125 -0.088563241 -0.057127483 0.993960977
1548339965.027630 -0.090850584 0.018066505 0.034125809 -0.031595387 -0.083031408 -0.056696538 0.994431019
1548339965.061220 -0.088101543 0.025475770 0.037701376 -0.030863810 -0.079722852 -0.056363478 0.994743586
1548339965.094740 -0.072875850 0.026728492 0.040870745 -0.031466935 -0.077910691 -0.055352937 0.994925022
1548339965.128180 -0.070531242 0.027915364 0.036133409 -0.032465227 -0.073400550 -0.055406686 0.995232880
1548339965.161520 -0.079626255 0.030404929 0.030816572 -0.032773763 -0.068067372 -0.055928491 0.995572567
1548339965.195040 -0.080441430 0.035019230 0.029426849 -0.032734443 -0.063361190 -0.055577707 0.995904148
1548339965.228560 -0.087766111 0.045164164 0.024318116 -0.032271009 -0.057807367 -0.055703204 0.996250033
1548339965.262060 -0.086582080 0.050396081 0.022060458 -0.033000585 -0.054211635 -0.055411905 0.996444523
1548339965.295390 -0.074237272 0.044646025 0.024008324 -0.035932939 -0.051637523 -0.054862544 0.996510208
1548339965.328790 -0.059286155 0.055743046 0.022409726 -0.035984691 -0.049012944 -0.053458512 0.996717155
1548339965.362300 -0.053043950 0.048980817 0.024945537 -0.039454181 -0.044737644 -0.053352814 0.996792555
1548339965.395820 -0.048648968 0.046966262 0.022650484 -0.041192774 -0.039833888 -0.053034339 0.996947229
1548339965.429900 -0.053031243 0.047019012 0.020755596 -0.041778997 -0.034383480 -0.052497849 0.997154117
1548339965.463410 -0.072915986 0.044263057 0.019962292 -0.042225402 -0.026022440 -0.053294055 0.997346282
1548339965.496930 -0.063492157 0.045945052 0.020131659 -0.041016217 -0.020840887 -0.051539753 0.997610688
1548339965.530070 -0.058732573 0.042964771 0.018438902 -0.040009964 -0.015033877 -0.049461525 0.997861087
1548339965.563590 -0.069252849 0.031935956 0.021180447 -0.039582662 -0.006415304 -0.047482505 0.998066902
1548339965.597100 -0.060569383 0.024753131 0.021077018 -0.038306218 -0.000804982 -0.046148654 0.998199522
1548339965.631060 -0.065120928 0.025693942 0.022684611 -0.035828482 0.008097139 -0.044617087 0.998328626
1548339965.664580 -0.056595750 0.011288550 0.019238628 -0.034344550 0.015384097 -0.040294103 0.998478949
1548339965.698090 0.010195925 0.091005675 -0.007281625 -0.015187789 0.010708772 -0.035464291 0.999198139
1548339965.731590 -0.005521600 0.092514575 -0.007377525 -0.012380422 0.018890599 -0.033738382 0.999175489
1548339965.765110 -0.049463037 0.032135703 0.002918944 -0.022159511 0.031627145 -0.031852297 0.998746276
1548339965.798640 -0.041999504 0.030808162 0.004115994 -0.021589931 0.036032632 -0.030226054 0.998660088
1548339965.832160 -0.025340131 0.042782649 -0.005201079 -0.019656591 0.040005904 -0.028944543 0.998586714
1548339965.865680 0.002460808 0.047794525 -0.002976848 -0.019242534 0.041134045 -0.027529608 0.998588979
1548339965.899190 0.009750110 0.050035346 -0.007140892 -0.019238712 0.045303855 -0.027184030 0.998417974
1548339965.932710 -0.006184100 0.028086824 -0.003462793 -0.023189366 0.053786732 -0.026174862 0.997939944
1548339965.966340 -0.024417073 0.024288742 0.001201610 -0.023512434 0.059952762 -0.026103249 0.997582793
1548339965.999970 0.003909411 0.045813646 -0.004908219 -0.018983664 0.060142484 -0.025162980 0.997692049
1548339966.033490 -0.007645330 0.042807680 -0.007463958 -0.018056419 0.067840636 -0.024159666 0.997240126
1548339966.067000 -0.000972611 0.036130827 -0.003498788 -0.017973278 0.071627401 -0.022022290 0.997026384
1548339966.100520 0.004054507 0.034123819 -0.009798236 -0.016696021 0.075362630 -0.020817159 0.996799052
1548339966.134210 -0.008338512 0.048653815 -0.007539138 -0.013333601 0.083211064 -0.020036595 0.996241271
1548339966.167730 -0.007772876 0.029060595 -0.005437052 -0.015330106 0.086752810 -0.017088724 0.995965362
1548339966.201240 -0.006118768 0.042898335 -0.006605607 -0.011650752 0.089440823 -0.017194938 0.995775580
1548339966.234810 -0.002680292 0.039171379 -0.005938569 -0.010835828 0.093381703 -0.016320970 0.995437622
1548339966.268320 -0.005295365 0.028648950 -0.008450898 -0.011425517 0.097436689 -0.014776817 0.995066464
1548339966.335310 -0.000895338 0.033957578 -0.011741460 -0.008499732 0.103688836 -0.015214855 0.994457126
1548339966.368820 -0.008212686 0.026585922 -0.010350560 -0.009158784 0.108290099 -0.014687378 0.993968725
1548339966.401730 0.007970645 0.039274767 -0.010663512 -0.006705933 0.108873926 -0.014672190 0.993924677
1548339966.435240 0.001984459 0.038462367 -0.018977448 -0.006532799 0.114733845 -0.015234889 0.993257940
1548339966.468740 -0.010595862 0.033526003 -0.009911198 -0.007372356 0.121129014 -0.015099066 0.992494583
1548339966.502260 0.047421426 0.021644795 -0.008539700 -0.008683938 0.115083858 -0.012573543 0.993238270
1548339966.535790 0.039855145 0.028168978 -0.009624922 -0.006165154 0.119770743 -0.012312436 0.992706060
1548339966.569300 0.044278443 0.029823594 -0.008291380 -0.004494055 0.122726403 -0.011691391 0.992361486
1548339966.602820 0.043066759 0.035604354 -0.012983900 -0.001507823 0.126636744 -0.011182378 0.991885006
1548339966.636330 0.052572347 0.021833152 -0.010332345 -0.002040991 0.129300520 -0.009450218 0.991558373
1548339966.669840 0.045216441 0.015475157 -0.009809869 -0.000942353 0.133402646 -0.008012953 0.991029084
1548339966.703340 0.049352609 0.014488323 -0.013854955 0.000922525 0.136325851 -0.007135813 0.990637958
1548339966.736860 0.074455403 -0.005091648 -0.013014104 -0.000887636 0.137846425 -0.004750822 0.990441799
1548339966.770380 0.075282700 0.012335093 -0.018376647 0.003083186 0.142610237 -0.004542012 0.989763737
1548339966.803890 0.046568267 -0.026765004 -0.004527755 -0.003254103 0.154011637 -0.003531942 0.988057375
1548339966.837410 0.042291638 -0.032338355 -0.002509798 -0.004136821 0.160843566 -0.001787674 0.986969650
1548339966.870920 0.032854527 -0.032491453 0.001482681 -0.003601730 0.166061759 0.000339960 0.986108720
1548339966.904430 0.042119570 -0.034498397 -0.001453896 -0.004051473 0.170586944 0.001611823 0.985333025
1548339966.937940 0.045811672 -0.012028518 -0.003995927 0.000193915 0.176342815 0.003347541 0.984323144
1548339966.971440 0.047768503 -0.005780796 -0.004926482 0.002144305 0.180380568 0.005226300 0.983580709
1548339967.004960 0.033824563 -0.011617836 -0.002979055 0.002218586 0.187282413 0.005761679 0.982286751
1548339967.071990 0.046194963 -0.015221843 -0.002425391 0.004107320 0.195478097 0.010129759 0.980647206
1548339967.105450 0.057929266 -0.004792172 -0.008762662 0.006178434 0.197406739 0.010961925 0.980240941
1548339967.138910 0.120911747 0.012510329 -0.034849823 0.009157237 0.192283750 0.013856119 0.981198788
1548339967.172360 0.101775482 0.022690853 -0.032289471 0.010695821 0.199377194 0.014937937 0.979750633
1548339967.205870 0.101106547 0.021064034 -0.032269347 0.010003782 0.202554286 0.015836831 0.979091883
1548339967.239360 0.104876682 0.022548035 -0.032291513 0.009472788 0.205475435 0.016731970 0.978473425
1548339967.272880 0.117894977 0.010844722 -0.036140915 0.006635910 0.205840781 0.018298812 0.978391886
1548339967.306380 0.107772991 0.026565500 -0.034461390 0.007854459 0.209705681 0.016935734 0.977586329
1548339967.339900 0.105121531 0.024825513 -0.036319930 0.006377017 0.213682488 0.018103709 0.976714611
1548339967.373410 0.118354976 0.018273542 -0.038378742 0.003926469 0.213972926 0.019450318 0.976638019
1548339967.406930 0.114725165 0.021772485 -0.035295993 0.003363953 0.215824068 0.019197846 0.976237774
1548339967.440450 0.116915017 0.021538323 -0.036346499 0.002370815 0.216581255 0.019328540 0.976070404
1548339967.473970 0.113258451 0.023098096 -0.035908230 0.001652242 0.217826381 0.020088069 0.975779414
1548339967.507520 0.121290937 0.022334691 -0.038198452 0.000314214 0.216747120 0.020039264 0.976022065
1548339967.541030 0.119914889 0.031947054 -0.037142798 0.000937910 0.218035460 0.018822679 0.975758851
1548339967.574740 0.125980750 0.021648847 -0.040612966 -0.001579438 0.217195854 0.020243995 0.975916862
1548339967.608330 0.118746087 0.030944817 -0.040191934 -0.000620231 0.218225732 0.019725813 0.975698769
1548339967.641840 0.181219965 0.004564378 -0.053690672 -0.005486169 0.207847282 0.021541754 0.977908671
1548339967.675360 0.174284011 0.007969383 -0.052860450 -0.005579748 0.208488166 0.020907139 0.977785468
1548339967.708900 0.166510403 0.007827845 -0.052116267 -0.006378888 0.209253028 0.021774184 0.977598310
1548339967.742460 0.166002691 0.009075847 -0.053002175 -0.006880785 0.208751380 0.022452744 0.977686822
1548339967.776100 0.167856321 0.009448850 -0.052755930 -0.007825871 0.207634807 0.022835512 0.977908552
1548339967.809610 0.159383342 0.017433662 -0.051101256 -0.007290603 0.208311319 0.021826226 0.977791846
1548339967.843010 0.165425718 0.010771548 -0.052732956 -0.009124807 0.206831485 0.022401504 0.978077531
1548339967.876520 0.153505608 0.012824971 -0.049899869 -0.009839192 0.207170427 0.021701936 0.978014648
1548339967.910040 0.161819622 0.017598998 -0.050565887 -0.009807512 0.204881310 0.020314531 0.978526890
1548339967.943690 0.154201224 0.026770525 -0.050992198 -0.008965863 0.205595925 0.020117437 0.978389144
1548339967.977250 0.158888578 0.019805364 -0.050517280 -0.010991162 0.203714892 0.020931281 0.978744805
1548339968.010790 0.155463502 0.029847413 -0.051650204 -0.010641976 0.204155937 0.020732287 0.978661001
1548339968.044330 0.151149809 0.032859072 -0.050773885 -0.011732232 0.204735726 0.022259166 0.978493810
1548339968.077850 0.155473426 0.012925750 -0.047805827 -0.016446602 0.201395467 0.024891952 0.979055583
1548339968.111370 0.156091571 0.033688035 -0.048319083 -0.014761246 0.199149206 0.023468178 0.979576945
1548339968.144900 0.171501145 0.026250657 -0.051499780 -0.017954135 0.194832414 0.024753317 0.980359733
1548339968.178440 0.155794635 0.012894698 -0.041206308 -0.021981895 0.193816945 0.026494257 0.980433524
1548339968.211930 0.162475064 0.025011182 -0.046246614 -0.022228085 0.186034128 0.024674626 0.981981874
1548339968.245450 0.163812041 0.024775669 -0.048318576 -0.023766361 0.181740165 0.024287967 0.982759297
1548339968.278950 0.245176971 -0.001591530 -0.056567308 -0.029740350 0.163158402 0.025634289 0.985818326
1548339968.312480 0.214404240 0.000958739 -0.053821024 -0.029811181 0.156846032 0.023856103 0.986884773
1548339968.346020 0.241763845 0.004250274 -0.050897360 -0.029476348 0.143480062 0.022401975 0.988960505
1548339968.379600 0.270177096 0.004790202 -0.061387695 -0.028628290 0.127468124 0.019783445 0.991232038
1548339968.413210 0.302899450 -0.003881809 -0.061334744 -0.029137133 0.111945458 0.017032273 0.993141115
1548339968.446730 0.220620647 0.000673974 -0.046642736 -0.027753480 0.114155389 0.013379637 0.992985070
1548339968.480250 0.239641055 0.001996247 -0.045276552 -0.027691571 0.102493800 0.011171562 0.994285405
1548339968.513760 0.264229596 -0.005240262 -0.045322873 -0.029844429 0.091136523 0.008771956 0.995352507
1548339968.547280 0.283488303 -0.003771405 -0.049461894 -0.030639261 0.081320606 0.006189567 0.996197701
1548339968.580790 0.221995190 0.001420814 -0.040465206 -0.030980665 0.084143065 0.002745959 0.995968223
1548339968.614220 0.143183455 0.026196055 -0.026752455 -0.027811332 0.089035921 -0.000821333 0.995639741
1548339968.647730 0.141815960 0.024291061 -0.022223972 -0.028677717 0.081945017 -0.002005535 0.996222198
1548339968.681180 0.122262605 0.015385583 -0.019821038 -0.030427607 0.078502774 -0.002810929 0.996445477
1548339968.714760 0.096112095 0.033874623 -0.047165096 -0.024645077 0.074848764 -0.001909857 0.996888518
1548339968.748210 0.092549182 0.008024759 -0.017395893 -0.029328251 0.070418380 -0.004172701 0.997077584
1548339968.781730 0.100461699 0.024477549 -0.023824934 -0.025621945 0.063819528 -0.006250568 0.997612953
1548339968.815240 0.045429729 0.056369815 -0.016466694 -0.017948521 0.067223467 -0.007612236 0.997547448
1548339968.848740 0.041485034 0.065721214 -0.010009130 -0.016912058 0.061872609 -0.013017881 0.997855902
1548339968.882090 0.042600516 0.072238252 -0.013538429 -0.014954808 0.057111807 -0.016080815 0.998126268
1548339968.915590 0.033838980 0.057412580 -0.017924983 -0.014197194 0.054090708 -0.014162028 0.998334706
1548339968.949100 0.038163833 0.053949237 -0.011653334 -0.014639838 0.047812462 -0.017613608 0.998593748
1548339968.982610 0.015467379 0.056151353 -0.019505635 -0.012081031 0.046202559 -0.018508885 0.998687565
1548339969.016130 -0.097642407 0.037830848 0.065809183 -0.016761923 0.062995739 -0.022853473 0.997611284
1548339969.049650 -0.080994606 0.014677014 0.041284479 -0.018420745 0.052555636 -0.022823080 0.998187244
1548339969.083170 -0.006184278 0.064481512 -0.021892669 -0.008355335 0.032754317 -0.025371181 0.999106467
1548339969.116700 -0.020166431 0.047852322 -0.006325357 -0.009866370 0.032169554 -0.024629310 0.999130249
1548339969.150220 -0.139549524 0.090301037 0.070828348 -0.004026731 0.047467355 -0.029578369 0.998426616
1548339969.183740 -0.073922984 0.084215030 0.022146702 -0.004227882 0.021339258 -0.032144416 0.999246478
1548339969.217260 -0.036489215 0.040522512 -0.012975306 -0.010317235 0.009660704 -0.030990802 0.999419749
1548339969.250780 -0.104205340 0.045969985 0.026564056 -0.009834332 0.016585087 -0.032212149 0.999295056
1548339969.284300 -0.036785726 0.036720339 -0.001150088 -0.010099856 -0.005100519 -0.032618795 0.999403834
