# timestamp coverage_percent dynamic_pixels total_pixels
1548339959.129720 36.41 111858 307200
1548339959.163130 38.57 118473 307200
1548339959.195850 39.44 121172 307200
1548339959.229360 38.42 118014 307200
1548339959.263210 38.41 118000 307200
1548339959.330250 40.63 124825 307200
1548339959.363520 38.13 117137 307200
1548339959.430550 45.84 140828 307200
1548339959.464010 39.03 119901 307200
1548339959.497580 41.11 126293 307200
1548339959.531100 41.05 126101 307200
1548339959.564660 40.16 123368 307200
1548339959.598180 40.01 122924 307200
1548339959.631780 44.58 136936 307200
1548339959.665330 38.91 119538 307200
1548339959.698850 40.61 124749 307200
1548339959.732370 43.80 134566 307200
1548339959.765890 41.92 128766 307200
1548339959.799400 36.51 112150 307200
1548339959.832910 37.47 115100 307200
1548339959.866430 40.09 123152 307200
1548339959.899950 41.28 126826 307200
1548339959.933480 47.26 145175 307200
1548339959.966990 42.12 129399 307200
1548339960.000510 45.51 139806 307200
1548339960.034040 42.15 129487 307200
1548339960.067560 42.88 131736 307200
1548339960.101080 41.93 128811 307200
1548339960.134600 40.36 123971 307200
1548339960.168120 40.11 123216 307200
1548339960.201680 40.37 124022 307200
1548339960.235260 40.56 124587 307200
1548339960.269020 40.45 124255 307200
1548339960.302680 36.89 113312 307200
1548339960.336260 44.12 135542 307200
1548339960.369790 40.15 123329 307200
1548339960.403300 39.69 121917 307200
1548339960.436820 42.89 131771 307200
1548339960.470350 44.71 137352 307200
1548339960.503900 45.01 138278 307200
1548339960.537460 41.46 127365 307200
1548339960.570980 41.15 126414 307200
1548339960.604500 40.32 123861 307200
1548339960.638160 41.34 126987 307200
1548339960.671730 50.31 154560 307200
1548339960.705240 50.17 154114 307200
1548339960.738760 51.73 158907 307200
1548339960.772280 47.83 146921 307200
1548339960.805820 47.80 146848 307200
1548339960.839340 45.69 140357 307200
1548339960.872820 45.31 139197 307200
1548339960.906340 52.61 161612 307200
1548339960.939860 50.61 155464 307200
1548339960.973170 54.83 168449 307200
1548339961.006680 51.21 157326 307200
1548339961.040040 44.83 137713 307200
1548339961.073430 44.98 138191 307200
1548339961.106930 43.64 134064 307200
1548339961.140440 41.71 128134 307200
1548339961.173940 41.55 127647 307200
1548339961.207460 41.68 128051 307200
1548339961.240980 40.22 123545 307200
1548339961.274490 39.82 122337 307200
1548339961.308010 40.40 124117 307200
1548339961.341520 42.00 129027 307200
1548339961.375040 45.52 139851 307200
1548339961.408540 51.07 156888 307200
1548339961.441980 45.78 140631 307200
1548339961.474800 49.65 152514 307200
1548339961.508300 50.19 154177 307200
1548339961.541820 48.53 149099 307200
1548339961.575330 48.53 149084 307200
1548339961.608850 43.34 133149 307200
1548339961.642370 41.86 128607 307200
1548339961.676120 41.78 128346 307200
1548339961.709650 40.19 123460 307200
1548339961.743160 40.30 123800 307200
1548339961.776660 41.46 127350 307200
1548339961.810140 38.75 119038 307200
1548339961.843660 38.06 116919 307200
1548339961.877210 38.27 117569 307200
1548339961.910740 36.49 112082 307200
1548339961.944260 34.94 107348 307200
1548339961.977780 40.04 122998 307200
1548339962.011290 34.17 104966 307200
1548339962.044810 33.30 102309 307200
1548339962.078310 37.19 114236 307200
1548339962.111790 32.79 100746 307200
1548339962.145300 32.97 101293 307200
1548339962.178800 33.06 101553 307200
1548339962.212320 33.11 101719 307200
1548339962.245850 28.18 86559 307200
1548339962.279380 37.65 115666 307200
1548339962.313060 34.53 106070 307200
1548339962.346410 33.30 102288 307200
1548339962.379890 36.41 111862 307200
1548339962.413390 34.75 106739 307200
1548339962.446900 36.67 112665 307200
1548339962.480470 38.58 118526 307200
1548339962.514300 34.87 107130 307200
1548339962.547820 34.20 105072 307200
1548339962.581370 36.38 111755 307200
1548339962.615000 30.93 95024 307200
1548339962.648510 34.93 107306 307200
1548339962.682030 32.34 99363 307200
1548339962.715510 30.20 92787 307200
1548339962.749020 36.04 110705 307200
1548339962.782540 38.60 118590 307200
1548339962.816020 33.98 104383 307200
1548339962.849530 37.85 116275 307200
1548339962.883050 37.40 114887 307200
1548339962.916560 34.03 104544 307200
1548339962.950080 32.05 98463 307200
1548339962.983520 33.57 103124 307200
1548339963.017030 33.86 104032 307200
1548339963.050510 34.89 107188 307200
1548339963.084020 41.78 128362 307200
1548339963.117540 38.77 119114 307200
1548339963.151060 51.25 157451 307200
1548339963.184570 52.75 162056 307200
1548339963.218090 50.63 155547 307200
1548339963.251600 47.41 145633 307200
1548339963.285120 49.05 150681 307200
1548339963.319010 47.56 146111 307200
1548339963.352530 45.26 139034 307200
1548339963.386040 49.29 151419 307200
1548339963.419690 44.01 135201 307200
1548339963.453200 41.79 128392 307200
1548339963.486720 46.79 143729 307200
1548339963.520230 57.75 177402 307200
1548339963.553750 61.27 188226 307200
1548339963.587140 64.37 197735 307200
1548339963.620650 69.18 212507 307200
1548339963.654020 72.52 222785 307200
1548339963.687540 68.06 209068 307200
1548339963.720980 67.58 207593 307200
1548339963.754230 69.93 214823 307200
1548339963.787730 64.79 199033 307200
1548339963.821130 69.86 214614 307200
1548339963.854640 67.46 207243 307200
1548339963.887990 64.36 197705 307200
1548339963.921480 66.57 204494 307200
1548339963.954990 65.80 202135 307200
1548339963.988510 63.45 194923 307200
1548339964.021990 71.40 219349 307200
1548339964.055500 68.00 208907 307200
1548339964.089010 64.79 199042 307200
1548339964.122520 54.52 167497 307200
1548339964.156040 55.62 170865 307200
1548339964.189560 54.78 168275 307200
1548339964.223070 49.19 151119 307200
1548339964.256590 52.03 159836 307200
1548339964.290150 51.42 157958 307200
1548339964.323770 48.37 148603 307200
1548339964.357520 45.64 140209 307200
1548339964.391180 57.75 177408 307200
1548339964.424710 57.19 175698 307200
1548339964.458240 53.81 165309 307200
1548339964.491750 54.32 166864 307200
1548339964.525270 50.50 155121 307200
1548339964.558790 50.12 153969 307200
1548339964.592320 54.70 168049 307200
1548339964.625840 55.18 169503 307200
1548339964.659360 53.70 164977 307200
1548339964.692880 55.72 171168 307200
1548339964.726440 51.23 157375 307200
1548339964.759950 49.23 151236 307200
1548339964.793430 48.85 150073 307200
1548339964.826950 55.56 170681 307200
1548339964.860500 53.26 163611 307200
1548339964.893980 52.23 160459 307200
1548339964.927480 56.52 173626 307200
1548339964.960790 53.64 164785 307200
1548339964.994120 53.80 165281 307200
1548339965.027630 53.44 164160 307200
1548339965.061220 52.01 159775 307200
1548339965.094740 54.34 166925 307200
1548339965.128180 50.18 154161 307200
1548339965.161520 55.56 170688 307200
1548339965.195040 61.76 189724 307200
1548339965.228560 57.46 176508 307200
1548339965.262060 57.47 176550 307200
1548339965.295390 58.12 178539 307200
1548339965.328790 60.08 184577 307200
1548339965.362300 63.95 196450 307200
1548339965.395820 62.01 190502 307200
1548339965.429900 60.08 184565 307200
1548339965.463410 64.62 198521 307200
1548339965.496930 65.01 199697 307200
1548339965.530070 63.72 195748 307200
1548339965.563590 66.22 203432 307200
1548339965.597100 65.96 202642 307200
1548339965.631060 66.35 203839 307200
1548339965.664580 64.66 198635 307200
1548339965.698090 60.95 187224 307200
1548339965.731590 61.40 188614 307200
1548339965.765110 60.04 184445 307200
1548339965.798640 55.46 170381 307200
1548339965.832160 52.77 162117 307200
1548339965.865680 45.30 139171 307200
1548339965.899190 46.89 144045 307200
1548339965.932710 43.09 132387 307200
1548339965.966340 37.99 116701 307200
1548339965.999970 38.67 118808 307200
1548339966.033490 37.99 116714 307200
1548339966.067000 35.04 107639 307200
1548339966.100520 45.54 139887 307200
1548339966.134210 43.57 133855 307200
1548339966.167730 38.92 119555 307200
1548339966.201240 39.04 119939 307200
1548339966.234810 32.97 101273 307200
1548339966.268320 36.22 111255 307200
1548339966.335310 42.81 131521 307200
1548339966.368820 32.17 98814 307200
1548339966.401730 31.43 96563 307200
1548339966.435240 33.72 103586 307200
1548339966.468740 40.41 124137 307200
1548339966.502260 34.97 107430 307200
1548339966.535790 39.96 122757 307200
1548339966.569300 41.08 126188 307200
1548339966.602820 45.76 140580 307200
1548339966.636330 49.70 152686 307200
1548339966.669840 50.49 155104 307200
1548339966.703340 55.25 169739 307200
1548339966.736860 53.41 164089 307200
1548339966.770380 54.56 167611 307200
1548339966.803890 55.17 169473 307200
1548339966.837410 58.75 180489 307200
1548339966.870920 56.22 172713 307200
1548339966.904430 49.93 153379 307200
1548339966.937940 53.72 165037 307200
1548339966.971440 50.38 154761 307200
1548339967.004960 49.93 153395 307200
1548339967.071990 51.95 159591 307200
1548339967.105450 46.06 141487 307200
1548339967.138910 47.34 145437 307200
1548339967.172360 46.21 141968 307200
1548339967.205870 45.99 141285 307200
1548339967.239360 43.65 134098 307200
1548339967.272880 43.30 133015 307200
1548339967.306380 46.24 142051 307200
1548339967.339900 43.75 134396 307200
1548339967.373410 43.69 134211 307200
1548339967.406930 33.24 102109 307200
1548339967.440450 33.87 104041 307200
1548339967.473970 29.77 91449 307200
1548339967.507520 28.76 88338 307200
1548339967.541030 25.98 79797 307200
1548339967.574740 29.53 90724 307200
1548339967.608330 25.26 77590 307200
1548339967.641840 28.73 88254 307200
1548339967.675360 28.80 88488 307200
1548339967.708900 24.33 74738 307200
1548339967.742460 27.71 85120 307200
1548339967.776100 26.29 80768 307200
1548339967.809610 26.30 80805 307200
1548339967.843010 27.04 83053 307200
1548339967.876520 33.28 102245 307200
1548339967.910040 32.24 99056 307200
1548339967.943690 27.04 83077 307200
1548339967.977250 29.77 91451 307200
1548339968.010790 28.55 87704 307200
1548339968.044330 30.71 94341 307200
1548339968.077850 38.83 119295 307200
1548339968.111370 41.22 126632 307200
1548339968.144900 41.47 127385 307200
1548339968.178440 39.60 121644 307200
1548339968.211930 46.12 141676 307200
1548339968.245450 46.12 141669 307200
1548339968.278950 46.75 143603 307200
1548339968.312480 47.57 146124 307200
1548339968.346020 48.42 148750 307200
1548339968.379600 53.34 163851 307200
1548339968.413210 52.34 160793 307200
1548339968.446730 57.44 176441 307200
1548339968.480250 59.68 183345 307200
1548339968.513760 62.01 190502 307200
1548339968.547280 59.61 183107 307200
1548339968.580790 64.93 199474 307200
1548339968.614220 62.89 193185 307200
1548339968.647730 70.38 216211 307200
1548339968.681180 73.23 224970 307200
1548339968.714760 75.60 232252 307200
1548339968.748210 77.88 239238 307200
1548339968.781730 73.04 224393 307200
1548339968.815240 77.74 238825 307200
1548339968.848740 72.38 222360 307200
1548339968.882090 68.42 210176 307200
1548339968.915590 69.53 213585 307200
1548339968.949100 70.55 216715 307200
1548339968.982610 71.95 221025 307200
1548339969.016130 67.64 207788 307200
1548339969.049650 70.29 215941 307200
1548339969.083170 67.85 208445 307200
1548339969.116700 67.42 207109 307200
1548339969.150220 72.67 223240 307200
1548339969.183740 70.85 217660 307200
1548339969.217260 67.30 206736 307200
1548339969.250780 64.70 198763 307200
1548339969.284300 71.11 218457 307200
