# timestamp inlier_ratio num_inliers num_total_matches
1548339959.163130 0.817539 578 707
1548339959.195850 0.825153 538 652
1548339959.229360 0.820919 518 631
1548339959.263210 0.797256 523 656
1548339959.330250 0.788525 481 610
1548339959.363520 0.784469 495 631
1548339959.430550 0.763285 474 621
1548339959.464010 0.796417 489 614
1548339959.497580 0.788779 478 606
1548339959.531100 0.766784 434 566
1548339959.564660 0.781308 418 535
1548339959.598180 0.758303 411 542
1548339959.631780 0.736014 421 572
1548339959.665330 0.765996 419 547
1548339959.698850 0.740530 391 528
1548339959.732370 0.778777 433 556
1548339959.765890 0.765411 447 584
1548339959.799400 0.775652 446 575
1548339959.832910 0.790909 435 550
1548339959.866430 0.772563 428 554
1548339959.899950 0.776210 385 496
1548339959.933480 0.766734 378 493
1548339959.966990 0.763375 371 486
1548339960.000510 0.771605 375 486
1548339960.034040 0.758691 371 489
1548339960.067560 0.752621 359 477
1548339960.101080 0.760417 365 480
1548339960.134600 0.724066 349 482
1548339960.168120 0.803347 384 478
1548339960.201680 0.860417 413 480
1548339960.235260 0.826840 382 462
1548339960.269020 0.823661 369 448
1548339960.302680 0.826281 371 449
1548339960.336260 0.798526 325 407
1548339960.369790 0.845455 372 440
1548339960.403300 0.788155 346 439
1548339960.436820 0.781003 296 379
1548339960.470350 0.790404 313 396
1548339960.503900 0.843521 345 409
1548339960.537460 0.812808 330 406
1548339960.570980 0.809399 310 383
1548339960.604500 0.831382 355 427
1548339960.638160 0.796253 340 427
1548339960.671730 0.823529 294 357
1548339960.705240 0.836795 282 337
1548339960.738760 0.793313 261 329
1548339960.772280 0.831804 272 327
1548339960.805820 0.823009 279 339
1548339960.839340 0.808050 261 323
1548339960.872820 0.766154 249 325
1548339960.906340 0.815385 212 260
1548339960.939860 0.821277 193 235
1548339960.973170 0.827751 173 209
1548339961.006680 0.834677 207 248
1548339961.040040 0.828244 217 262
1548339961.073430 0.804598 210 261
1548339961.106930 0.763949 178 233
1548339961.140440 0.793860 181 228
1548339961.173940 0.774648 165 213
1548339961.207460 0.787234 148 188
1548339961.240980 0.789916 188 238
1548339961.274490 0.850123 346 407
1548339961.308010 0.824000 309 375
1548339961.341520 0.795389 276 347
1548339961.375040 0.760000 247 325
1548339961.408540 0.697436 136 195
1548339961.441980 0.784173 218 278
1548339961.474800 0.804511 214 266
1548339961.508300 0.795539 214 269
1548339961.541820 0.781132 207 265
1548339961.575330 0.757463 203 268
1548339961.608850 0.784314 120 153
1548339961.642370 0.889796 218 245
1548339961.676120 0.846774 210 248
1548339961.709650 0.863636 209 242
1548339961.743160 0.831933 198 238
1548339961.776660 0.824786 193 234
1548339961.810140 0.840000 147 175
1548339961.843660 0.871212 230 264
1548339961.877210 0.851711 224 263
1548339961.910740 0.886640 219 247
1548339961.944260 0.874477 209 239
1548339961.977780 0.857143 204 238
1548339962.011290 0.822857 144 175
1548339962.044810 0.890756 212 238
1548339962.078310 0.860082 209 243
1548339962.111790 0.852941 203 238
1548339962.145300 0.839827 194 231
1548339962.178800 0.835556 188 225
1548339962.212320 0.833333 140 168
1548339962.245850 0.868313 211 243
1548339962.279380 0.823045 200 243
1548339962.313060 0.815574 199 244
1548339962.346410 0.807339 176 218
1548339962.379890 0.818605 176 215
1548339962.413390 0.830601 152 183
1548339962.446900 0.813665 131 161
1548339962.480470 0.858736 231 269
1548339962.514300 0.847107 205 242
1548339962.547820 0.847458 200 236
1548339962.581370 0.802419 199 248
1548339962.615000 0.799145 187 234
1548339962.648510 0.821839 143 174
1548339962.682030 0.790393 181 229
1548339962.715510 0.781991 165 211
1548339962.749020 0.836957 154 184
1548339962.782540 0.778894 155 199
1548339962.816020 0.793651 150 189
1548339962.849530 0.809160 106 131
1548339962.883050 0.810078 209 258
1548339962.916560 0.728346 185 254
1548339962.950080 0.738775 181 245
1548339962.983520 0.720000 180 250
1548339963.017030 0.730159 184 252
1548339963.050510 0.779070 134 172
1548339963.084020 0.733945 160 218
1548339963.117540 0.737864 152 206
1548339963.151060 0.701299 162 231
1548339963.184570 0.715596 156 218
1548339963.218090 0.734597 155 211
1548339963.251600 0.750000 93 124
1548339963.285120 0.849315 372 438
1548339963.319010 0.828442 367 443
1548339963.352530 0.808889 364 450
1548339963.386040 0.811927 354 436
1548339963.419690 0.807601 340 421
1548339963.453200 0.858182 236 275
1548339963.486720 0.843949 265 314
1548339963.520230 0.807547 214 265
1548339963.553750 0.725225 161 222
1548339963.587140 0.790244 162 205
1548339963.620650 0.696429 117 168
1548339963.654020 0.700658 213 304
1548339963.687540 0.801498 428 534
1548339963.720980 0.662857 232 350
1548339963.754230 0.656489 344 524
1548339963.787730 0.620451 358 577
1548339963.821130 0.635870 117 184
1548339963.854640 0.653017 303 464
1548339963.887990 0.680171 319 469
1548339963.921480 0.697970 275 394
1548339963.954990 0.759207 536 706
1548339963.988510 0.720270 533 740
1548339964.021990 0.661088 158 239
1548339964.055500 0.627063 190 303
1548339964.089010 0.697959 171 245
1548339964.122520 0.713755 192 269
1548339964.156040 0.736462 204 277
1548339964.189560 0.721649 210 291
1548339964.223070 0.684783 252 368
1548339964.256590 0.658537 243 369
1548339964.290150 0.746803 292 391
1548339964.323770 0.731507 267 365
1548339964.357520 0.703608 273 388
1548339964.391180 0.640957 241 376
1548339964.424710 0.669154 269 402
1548339964.458240 0.645729 257 398
1548339964.491750 0.630607 239 379
1548339964.525270 0.742389 317 427
1548339964.558790 0.731707 300 410
1548339964.592320 0.683962 290 424
1548339964.625840 0.695150 301 433
1548339964.659360 0.740554 294 397
1548339964.692880 0.673219 274 407
1548339964.726440 0.686567 276 402
1548339964.759950 0.684964 287 419
1548339964.793430 0.691099 264 382
1548339964.826950 0.685333 257 375
1548339964.860500 0.698592 248 355
1548339964.893980 0.681682 227 333
1548339964.927480 0.709779 225 317
1548339964.960790 0.678030 179 264
1548339964.994120 0.667845 189 283
1548339965.027630 0.697452 219 314
1548339965.061220 0.690554 212 307
1548339965.094740 0.723404 204 282
1548339965.128180 0.715415 181 253
1548339965.161520 0.718894 156 217
1548339965.195040 0.723005 154 213
1548339965.228560 0.726496 170 234
1548339965.262060 0.696035 158 227
1548339965.295390 0.671875 129 192
1548339965.328790 0.699717 247 353
1548339965.362300 0.636646 205 322
1548339965.395820 0.662461 210 317
1548339965.429900 0.664474 202 304
1548339965.463410 0.640693 148 231
1548339965.496930 0.839130 579 690
1548339965.530070 0.707937 446 630
1548339965.563590 0.720739 351 487
1548339965.597100 0.685589 314 458
1548339965.631060 0.607966 290 477
1548339965.664580 0.509934 77 151
1548339965.698090 0.586505 339 578
1548339965.731590 0.685185 333 486
1548339965.765110 0.684109 353 516
1548339965.798640 0.676245 353 522
1548339965.832160 0.688805 363 527
1548339965.865680 0.695522 233 335
1548339965.899190 0.609971 208 341
1548339965.932710 0.627027 232 370
1548339965.966340 0.656757 243 370
1548339965.999970 0.662404 259 391
1548339966.033490 0.628499 247 393
1548339966.067000 0.662621 273 412
1548339966.100520 0.674817 276 409
1548339966.134210 0.673575 260 386
1548339966.167730 0.720812 284 394
1548339966.201240 0.665138 290 436
1548339966.234810 0.704388 305 433
1548339966.268320 0.687783 304 442
1548339966.335310 0.674699 280 415
1548339966.368820 0.705000 282 400
1548339966.401730 0.684358 245 358
1548339966.435240 0.691589 222 321
1548339966.468740 0.689970 227 329
1548339966.502260 0.638710 198 310
1548339966.535790 0.806846 330 409
1548339966.569300 0.792929 314 396
1548339966.602820 0.742466 271 365
1548339966.636330 0.790634 287 363
1548339966.669840 0.779874 248 318
1548339966.703340 0.727273 208 286
1548339966.736860 0.732000 183 250
1548339966.770380 0.780328 238 305
1548339966.803890 0.750000 171 228
1548339966.837410 0.785124 190 242
1548339966.870920 0.762846 193 253
1548339966.904430 0.723849 173 239
1548339966.937940 0.810484 201 248
1548339966.971440 0.794118 216 272
1548339967.004960 0.821970 217 264
1548339967.071990 