1548339959.129720 0.0000000 0.0000000 0.0000000 -0.0000000 -0.0000000 -0.0000000 1.0000000
1548339960.134600 -0.0083915 0.0168425 -0.0213498 -0.0098835 -0.0156370 -0.0128464 0.9997464
1548339960.168120 -0.0123098 0.0132895 -0.0241901 -0.0107612 -0.0139896 -0.0124321 0.9997669
1548339960.336260 -0.0096192 0.0289693 -0.0277186 -0.0103350 -0.0087615 -0.0100446 0.9998578
1548339960.470350 -0.0189702 0.0328037 -0.0301975 -0.0176415 -0.0025069 -0.0103338 0.9997879
1548339960.570980 -0.0155010 0.0247745 -0.0269265 -0.0243147 -0.0006107 -0.0093831 0.9996601
1548339960.671730 -0.0102975 0.0002750 -0.0189878 -0.0251398 -0.0029914 -0.0068256 0.9996562
1548339960.872820 -0.0097152 -0.0219254 -0.0112479 -0.0096720 -0.0130162 -0.0079295 0.9998371
1548339960.939860 -0.0132219 -0.0233011 -0.0114942 -0.0044192 -0.0146355 -0.0073125 0.9998564
1548339961.006680 -0.0107375 -0.0278097 -0.0096364 -0.0002955 -0.0185524 -0.0054898 0.9998128
1548339961.608850 0.0086420 0.0101343 -0.0006556 -0.0086966 -0.0033161 -0.0034644 0.9999507
1548339961.810140 0.0013619 0.0036382 -0.0032093 -0.0138427 -0.0008712 -0.0058454 0.9998868
1548339962.011290 -0.0102317 0.0137795 -0.0124783 -0.0122845 -0.0041310 -0.0080597 0.9998835
1548339962.212320 -0.0192131 0.0208612 -0.0167450 -0.0137181 -0.0137487 -0.0113064 0.9997475
1548339962.446900 -0.0502942 0.0237632 -0.0196822 -0.0203222 -0.0319379 -0.0166471 0.9991446
1548339962.849530 -0.0712277 0.0401555 -0.0167584 -0.0200078 -0.0571960 -0.0208167 0.9979454
1548339963.453200 -0.1164770 0.0102092 -0.0152230 -0.0070954 -0.0767972 -0.0295816 0.9965826
1548339963.486720 -0.1058884 0.0082529 -0.0102075 -0.0064344 -0.0818403 -0.0299715 0.9961739
1548339963.553750 -0.1644014 0.0300531 -0.0137897 -0.0022738 -0.0845810 -0.0336412 0.9958460
1548339963.620650 -0.1750541 0.0401216 -0.0279542 -0.0015534 -0.0946958 -0.0377354 0.9947896
1548339963.654020 -0.1321740 0.0238993 -0.0121882 -0.0048762 -0.1067115 -0.0415983 0.9934075
1548339963.720980 -0.2851007 0.0579023 -0.0147675 -0.0032142 -0.0933603 -0.0470316 0.9945157
1548339963.821130 -0.1017149 0.0599983 0.0178905 -0.0052529 -0.1328172 -0.0478882 0.9899691
1548339963.921480 -0.1482209 0.0553931 0.0189305 -0.0041923 -0.1334431 -0.0493466 0.9898183
1548339964.021990 -0.1103062 0.0360167 0.0284442 0.0012855 -0.1456079 -0.0438255 0.9883704
1548339964.055500 -0.1341679 0.0255907 0.0288155 0.0030117 -0.1475042 -0.0464183 0.9879670
1548339964.089010 -0.1253144 0.0188168 0.0296387 0.0043325 -0.1490783 -0.0460637 0.9877424
1548339964.256590 -0.1128889 0.0195139 0.0314391 0.0050212 -0.1522754 -0.0494980 0.9870851
1548339964.491750 -0.1112957 0.0049498 0.0402774 -0.0038599 -0.1426177 -0.0587287 0.9880264
1548339964.692880 -0.1016268 0.0022836 0.0441063 -0.0090466 -0.1228349 -0.0565037 0.9907760
1548339964.759950 -0.0964699 0.0108535 0.0424359 -0.0117745 -0.1157721 -0.0567103 0.9915857
1548339964.793430 -0.0903728 0.0130838 0.0453157 -0.0145924 -0.1133605 -0.0570237 0.9918088
1548339964.826950 -0.0975043 0.0179921 0.0439517 -0.0178966 -0.1085456 -0.0572944 0.9922776
1548339964.860500 -0.0896631 0.0215607 0.0441481 -0.0208049 -0.1057396 -0.0577124 0.9924996
1548339964.893980 -0.0902177 0.0177014 0.0447796 -0.0249026 -0.1018135 -0.0576910 0.9928170
1548339964.960790 -0.0921859 0.0161873 0.0451046 -0.0298994 -0.0928168 -0.0581218 0.9935356
1548339964.994120 -0.0854765 0.0196503 0.0435757 -0.0305711 -0.0885632 -0.0571275 0.9939610
1548339965.061220 -0.0881015 0.0254758 0.0377014 -0.0308638 -0.0797229 -0.0563635 0.9947436
1548339965.161520 -0.0796263 0.0304049 0.0308166 -0.0327738 -0.0680674 -0.0559285 0.9955726
1548339965.195040 -0.0804414 0.0350192 0.0294269 -0.0327344 -0.0633612 -0.0555777 0.9959041
1548339965.295390 -0.0742373 0.0446460 0.0240083 -0.0359329 -0.0516375 -0.0548625 0.9965102
1548339965.463410 -0.0729160 0.0442631 0.0199623 -0.0422254 -0.0260224 -0.0532941 0.9973463
1548339965.664580 -0.0565958 0.0112885 0.0192386 -0.0343446 0.0153841 -0.0402941 0.9984789
1548339966.502260 0.0474214 0.0216448 -0.0085397 -0.0086839 0.1150839 -0.0125735 0.9932383
1548339966.736860 0.0744554 -0.0050916 -0.0130141 -0.0008876 0.1378464 -0.0047508 0.9904418
1548339967.138910 0.1209117 0.0125103 -0.0348498 0.0091572 0.1922837 0.0138561 0.9811988
1548339967.641840 0.1812200 0.0045644 -0.0536907 -0.0054862 0.2078473 0.0215418 0.9779087
1548339968.144900 0.1715012 0.0262507 -0.0514998 -0.0179541 0.1948324 0.0247533 0.9803597
1548339968.278950 0.2451769 -0.0015915 -0.0565673 -0.0297404 0.1631584 0.0256343 0.9858183
1548339968.312480 0.2144042 0.0009587 -0.0538210 -0.0298112 0.1568460 0.0238561 0.9868848
1548339968.379600 0.2701771 0.0047902 -0.0613877 -0.0286283 0.1274681 0.0197834 0.9912320
1548339968.446730 0.2206207 0.0006740 -0.0466427 -0.0277535 0.1141554 0.0133796 0.9929851
1548339968.547280 0.2834883 -0.0037714 -0.0494619 -0.0306393 0.0813206 0.0061896 0.9961977
1548339968.614220 0.1431835 0.0261961 -0.0267525 -0.0278113 0.0890359 -0.0008213 0.9956397
1548339968.647730 0.1418160 0.0242911 -0.0222240 -0.0286777 0.0819450 -0.0020055 0.9962222
1548339968.681180 0.1222626 0.0153856 -0.0198210 -0.0304276 0.0785028 -0.0028109 0.9964455
1548339968.815240 0.0454297 0.0563698 -0.0164667 -0.0179485 0.0672235 -0.0076122 0.9975474
1548339969.016130 -0.0976424 0.0378308 0.0658092 -0.0167619 0.0629957 -0.0228535 0.9976113
1548339969.150220 -0.1395495 0.0903010 0.0708283 -0.0040267 0.0474674 -0.0295784 0.9984266
