1548339959129720064.000000 0.000000000 0.000000000 0.000000000 -0.000000000 -0.000000000 -0.000000000 1.000000000
1548339960134599936.000000 -0.008391461 0.016842492 -0.021349795 -0.009883453 -0.015637010 -0.012846379 0.999746382
1548339960168119808.000000 -0.012309832 0.013289473 -0.024190130 -0.010761158 -0.013989553 -0.012432140 0.999766946
1548339960336260096.000000 -0.009619221 0.028969297 -0.027718557 -0.010334988 -0.008761488 -0.010044592 0.999857783
1548339960470350080.000000 -0.018970244 0.032803655 -0.030197518 -0.017641516 -0.002506928 -0.010333773 0.999787867
1548339960570980096.000000 -0.015501000 0.024774516 -0.026926510 -0.024314744 -0.000610653 -0.009383057 0.999660134
1548339960671729920.000000 -0.010297505 0.000274958 -0.018987816 -0.025139811 -0.002991425 -0.006825577 0.999656200
1548339960872819968.000000 -0.009715164 -0.021925388 -0.011247855 -0.009672047 -0.013016212 -0.007929485 0.999837101
1548339960939860224.000000 -0.013221856 -0.023301087 -0.011494150 -0.004419161 -0.014635521 -0.007312540 0.999856412
1548339961006680064.000000 -0.010737451 -0.027809709 -0.009636419 -0.000295494 -0.018552411 -0.005489779 0.999812782
1548339961608849920.000000 0.008641995 0.010134271 -0.000655599 -0.008696573 -0.003316149 -0.003464354 0.999950707
1548339961810139904.000000 0.001361878 0.003638211 -0.003209262 -0.013842657 -0.000871186 -0.005845357 0.999886751
1548339962011290112.000000 -0.010231661 0.013779525 -0.012478287 -0.012284503 -0.004131004 -0.008059742 0.999883533
1548339962212320000.000000 -0.019213106 0.020861188 -0.016745014 -0.013718103 -0.013748724 -0.011306412 0.999747455
1548339962446899968.000000 -0.050294232 0.023763223 -0.019682184 -0.020322230 -0.031937920 -0.016647080 0.999144614
1548339962849529856.000000 -0.071227670 0.040155496 -0.016758412 -0.020007754 -0.057196002 -0.020816682 0.997945368
1548339963453200128.000000 -0.116476975 0.010209217 -0.015223023 -0.007095445 -0.076797158 -0.029581625 0.996582568
1548339963486720000.000000 -0.105888367 0.008252863 -0.010207455 -0.006434434 -0.081840284 -0.029971536 0.996173918
1548339963553750016.000000 -0.164401442 0.030053057 -0.013789696 -0.002273822 -0.084580958 -0.033641215 0.995845973
1548339963620649984.000000 -0.175054073 0.040121619 -0.027954200 -0.001553418 -0.094695754 -0.037735365 0.994789600
1548339963654020096.000000 -0.132174045 0.023899317 -0.012188166 -0.004876168 -0.106711544 -0.041598324 0.993407488
1548339963720979968.000000 -0.285100669 0.057902344 -0.014767537 -0.003214237 -0.093360253 -0.047031604 0.994515717
1548339963821129984.000000 -0.101714879 0.059998285 0.017890504 -0.005252927 -0.132817179 -0.047888167 0.989969075
1548339963921479936.000000 -0.148220882 0.055393148 0.018930465 -0.004192261 -0.133443147 -0.049346611 0.989818335
1548339964021990144.000000 -0.110306211 0.036016706 0.028444195 0.001285524 -0.145607948 -0.043825462 0.988370419
1548339964055500032.000000 -0.134167910 0.025590720 0.028815452 0.003011697 -0.147504166 -0.046418335 0.987967014
1548339964089009920.000000 -0.125314400 0.018816788 0.029638723 0.004332487 -0.149078339 -0.046063699 0.987742364
1548339964256589824.000000 -0.112888858 0.019513885 0.031439055 0.005021191 -0.152275369 -0.049497955 0.987085104
1548339964491749888.000000 -0.111295708 0.004949817 0.040277388 -0.003859896 -0.142617717 -0.058728714 0.988026440
1548339964692879872.000000 -0.101626791 0.002283620 0.044106256 -0.009046649 -0.122834899 -0.056503728 0.990776002
1548339964759949824.000000 -0.096469864 0.010853475 0.042435873 -0.011774493 -0.115772061 -0.056710262 0.991585672
1548339964793430016.000000 -0.090372771 0.013083795 0.045315653 -0.014592446 -0.113360487 -0.057023749 0.991808832
1548339964826950144.000000 -0.097504273 0.017992144 0.043951735 -0.017896589 -0.108545646 -0.057294380 0.992277622
1548339964860500224.000000 -0.089663148 0.021560678 0.044148110 -0.020804869 -0.105739586 -0.057712443 0.992499650
1548339964893979904.000000 -0.090217687 0.017701391 0.044779610 -0.024902612 -0.101813525 -0.057690989 0.992816985
1548339964960790016.000000 -0.092185915 0.016187301 0.045104563 -0.029899364 -0.092816807 -0.058121849 0.993535578
1548339964994119936.000000 -0.085476525 0.019650267 0.043575663 -0.030571125 -0.088563241 -0.057127483 0.993960977
1548339965061219840.000000 -0.088101543 0.025475770 0.037701376 -0.030863810 -0.079722852 -0.056363478 0.994743586
1548339965161520128.000000 -0.079626255 0.030404929 0.030816572 -0.032773763 -0.068067372 -0.055928491 0.995572567
1548339965195040000.000000 -0.080441430 0.035019230 0.029426852 -0.032734443 -0.063361190 -0.055577707 0.995904148
1548339965295389952.000000 -0.074237272 0.044646028 0.024008328 -0.035932939 -0.051637523 -0.054862544 0.996510208
1548339965463409920.000000 -0.072915994 0.044263054 0.019962290 -0.042225402 -0.026022440 -0.053294055 0.997346282
1548339965664580096.000000 -0.056595750 0.011288550 0.019238628 -0.034344550 0.015384097 -0.040294103 0.998478949
1548339966502259968.000000 0.047421426 0.021644795 -0.008539700 -0.008683938 0.115083858 -0.012573543 0.993238270
1548339966736860160.000000 0.074455403 -0.005091647 -0.013014104 -0.000887636 0.137846425 -0.004750822 0.990441799
1548339967138909952.000000 0.120911747 0.012510329 -0.034849819 0.009157237 0.192283750 0.013856119 0.981198788
1548339967641839872.000000 0.181219965 0.004564376 -0.053690672 -0.005486169 0.207847282 0.021541754 0.977908671
1548339968144900096.000000 0.171501175 0.026250659 -0.051499795 -0.017954135 0.194832414 0.024753317 0.980359733
1548339968278949888.000000 0.245176941 -0.001591529 -0.056567304 -0.029740350 0.163158402 0.025634289 0.985818326
1548339968312480000.000000 0.214404240 0.000958738 -0.053821024 -0.029811181 0.156846032 0.023856103 0.986884773
1548339968379600128.000000 0.270177096 0.004790199 -0.061387688 -0.028628290 0.127468124 0.019783445 0.991232038
1548339968446729984.000000 0.220620677 0.000673975 -0.046642743 -0.027753480 0.114155389 0.013379637 0.992985070
1548339968547280128.000000 0.283488303 -0.003771403 -0.049461890 -0.030639261 0.081320606 0.006189567 0.996197701
1548339968614219776.000000 0.143183455 0.026196055 -0.026752455 -0.027811332 0.089035921 -0.000821333 0.995639741
1548339968647730176.000000 0.141815975 0.024291061 -0.022223972 -0.028677717 0.081945017 -0.002005535 0.996222198
1548339968681179904.000000 0.122262605 0.015385583 -0.019821038 -0.030427607 0.078502774 -0.002810929 0.996445477
1548339968815239936.000000 0.045429729 0.056369815 -0.016466696 -0.017948521 0.067223467 -0.007612236 0.997547448
1548339969016130048.000000 -0.097642407 0.037830848 0.065809183 -0.016761923 0.062995739 -0.022853473 0.997611284
1548339969150220032.000000 -0.139549524 0.090301037 0.070828348 -0.004026731 0.047467355 -0.029578369 0.998426616
