0.0071
0.0147
0.0143
0.0177
0.0131
0.0165
0.0188
0.0237
0.0229
0.0152
0.0134
0.0126
0.0126
0.0146
0.0153
0.0150
0.0140
0.0133
0.0129
0.0132
0.0136
0.0176
0.0143
0.0187
0.0170
0.0160
0.0180
0.0197
0.0127
0.0152
0.0125
0.0177
0.0235
0.0233
0.0226
0.0398
0.0229
0.0184
0.0236
0.0199
0.0160
0.0190
0.0182
0.0193
0.0158
0.0192
0.0218
0.0139
0.0155
0.0179
0.0134
0.0166
0.0198
0.0272
0.0199
0.0210
0.0505
0.0211
0.0299
0.0240
0.0257
0.0228
0.0291
0.0290
0.0256
0.0284
0.0266
0.0318
0.0253
0.0291
0.0309
0.0300
0.0253
0.0337
0.0302
0.0283
0.0353
0.0301
0.0265
0.0441
0.0317
0.0277
0.0312
0.0355
0.0337
0.0304
0.0355
0.0360
0.0292
0.0350
0.0374
0.0313
0.0340
0.0248
0.0260
0.0323
0.0300
0.0320
0.0342
0.0364
0.0302
0.0338
0.0272
0.0337
0.0309
0.0319
0.0349
0.0292
0.0272
0.0247
0.0370
0.0287
0.0258
0.0280
0.0288
0.0249
0.0269
0.0350
0.0292
0.0259
0.0380
0.0352
0.0339
0.0453
0.0383
0.0299
0.0277
0.0259
0.0302
0.0298
0.0304
0.0317
0.0320
0.0314
0.0272
0.0309
0.0375
0.0325
0.0523
0.0387
0.0255
0.0308
0.0329
0.0401
0.0368
0.0289
0.0305
0.0380
0.0419
0.0318
0.0429
0.0241
0.0284
0.0482
0.0323
0.0322
0.0367
0.0317
0.0439
0.0323
0.0296
0.0284
0.0279
0.0377
0.0281
0.0328
0.0307
0.0409
0.0365
0.0376
0.0319
0.0330
0.0282
0.0288
0.0454
0.0372
0.0454
0.0394
0.0306
0.0420
0.0327
0.0346
0.0350
0.0284
0.0258
0.0283
0.0348
0.0397
0.0372
0.0390
0.0250
0.0388
0.0312
0.0397
0.0381
0.0297
0.0351
0.0439
0.0376
0.0267
0.0377
0.0318
0.0263
0.0378
0.0348
0.0341
0.0394
0.0301
0.0332
0.0384
0.0350
0.0267
0.0381
0.0262
0.0312
0.0284
0.0399
0.0375
0.0341
0.0380
0.0314
0.0282
0.0324
0.0284
0.0277
0.0288
0.0322
0.0274
0.0357
0.0334
0.0340
0.0273
0.0266
0.0397
0.0281
0.0289
0.0282
0.0318
0.0286
0.0380
0.0374
0.0391
0.0294
0.0416
0.0367
0.0328
0.0260
0.0315
0.0332
0.0244
0.0299
0.0334
0.0257
0.0260
0.0256
0.0297
0.0402
0.0345
0.0249
0.0244
0.0302
0.0329
0.0278
0.0344
0.0294
0.0311
0.0473
0.0412
0.0389
0.0356
0.0363
0.0383
0.0332
0.0283
0.0304
0.0330
0.0417
0.0357
0.0322
0.0310
0.0346
0.0314
0.0351
0.0350
0.0275
0.0290
0.0301
0.0337
0.0355
0.0385
0.0282
0.0301
0.0413
0.0442
0.0332
0.0346
0.0317
0.0345
0.0435
0.0505
