##[Gaussian Mapper]keyframe id, dssim
0 0.7970307469
1 0.7802345157
2 0.7830970287
3 0.8064309359
4 0.7923160791
5 0.7715752721
6 0.7584748268
7 0.7966543436
8 0.8000766635
9 0.8108580112
10 0.7970092893
11 0.8143578768
12 0.8199701309
13 0.7752162218
14 0.7762928605
15 0.7839030027
16 0.8129052520
17 0.8126049042
18 0.8147566915
19 0.8083072901
20 0.7991128564
21 0.8068413734
22 0.8022719026
23 0.7940416336
24 0.8313727975
25 0.8244948983
26 0.7881762981
27 0.7657361627
28 0.7337694168
29 0.7380799055
30 0.7890819311
31 0.7785288095
32 0.7511537075
33 0.7691893578
34 0.7615086436
35 0.7673299909
36 0.7700442076
37 0.7607151866
38 0.7771759033
39 0.7243632078
40 0.7427347302
41 0.7076966166
42 0.6706061363
43 0.6857913136
44 0.6538803577
45 0.6375996470
46 0.6634595990
47 0.6632275581
48 0.6486135125
49 0.6497432590
50 0.6289121509
51 0.6479547024
52 0.6024672389
53 0.5529699326
