##[Gaussian Mapper]keyframe id, psnr
0 17.4820270538
1 17.4801521301
2 17.4044914246
3 17.7013282776
4 17.4244232178
5 17.2021884918
6 16.7365951538
7 16.6809444427
8 16.7008132935
9 16.6386146545
10 16.6616230011
11 16.5631752014
12 16.8092994690
13 15.9328956604
14 15.7647666931
15 15.3805742264
16 15.1574382782
17 14.9348297119
18 15.0776786804
19 15.2541961670
20 15.5106887817
21 16.2384338379
22 17.4705200195
23 18.1731758118
24 18.6716823578
25 18.0442447662
26 16.2121219635
27 15.1607513428
28 14.1225128174
29 13.8348255157
30 14.3831977844
31 13.6974182129
32 12.3516607285
33 12.3530015945
34 12.6168069839
35 12.9325885773
36 13.5913419724
37 14.3954935074
38 15.1269931793
39 15.1062774658
40 14.6376218796
41 13.7515850067
42 12.6738548279
43 11.7073020935
44 12.3742923737
45 13.0506334305
46 13.5116462708
47 15.0120534897
48 15.5996475220
49 15.3652534485
50 15.0430526733
51 15.1930847168
52 14.6116943359
53 14.1179647446
