##[Gaussian Mapper]keyframe id, psnr_gaussian_splatting
0 17.4854736328
1 17.4830570221
2 17.4081707001
3 17.7066516876
4 17.4291305542
5 17.2071876526
6 16.7423152924
7 16.6859703064
8 16.7095794678
9 16.6495933533
10 16.6726379395
11 16.5746250153
12 16.8237152100
13 15.9426441193
14 15.7736587524
15 15.3911991119
16 15.1687927246
17 14.9456386566
18 15.0867729187
19 15.2600469589
20 15.5130748749
21 16.2405567169
22 17.4708061218
23 18.1732254028
24 18.6763725281
25 18.0512809753
26 16.2235260010
27 15.1734437943
28 14.1298618317
29 13.8414421082
30 14.3898239136
31 13.7067651749
32 12.3579635620
33 12.3599433899
34 12.6245594025
35 12.9392700195
36 13.5977363586
37 14.4017076492
38 15.1334400177
39 15.1118927002
40 14.6448078156
41 13.7566041946
42 12.6787185669
43 11.7088794708
44 12.3838996887
45 13.0633440018
46 13.5241146088
47 15.0252609253
48 15.6057052612
49 15.3681325912
50 15.0434923172
51 15.1931514740
52 14.6125555038
53 14.1182422638
