##[Gaussian Mapper]Render time statistics: keyframe id, time(milliseconds)
0 0.86363400
1 0.60775900
2 0.59335500
3 0.61733900
4 0.58080700
5 0.62664700
6 0.61234100
7 0.91938700
8 0.66623600
9 0.59937300
10 0.62684900
11 0.64190600
12 0.58190300
13 0.62942600
14 0.61663900
15 1.04550200
16 0.55503300
17 0.61219500
18 0.60248600
19 0.54806500
20 0.58195500
21 0.56275500
22 0.53443700
23 0.60287100
24 0.56551300
25 0.53394400
26 0.59294400
27 0.57006400
28 0.53548100
29 0.57752400
30 0.53744800
31 0.52579300
32 0.70227700
33 0.54006700
34 0.56350600
35 0.61244400
36 0.55627300
37 0.61287100
38 0.61098400
39 0.58901500
40 0.60549600
41 0.57949100
42 0.57673700
43 0.66440200
44 0.56819400
45 0.57525500
46 0.58325700
47 0.54024900
48 0.53215400
49 0.56224400
50 0.52397400
51 0.59359500
52 0.56938500
53 0.58314500
