1548265882.499630 0.000000000 0.000000000 0.000000000 -0.000000000 -0.000000000 -0.000000000 1.000000000
1548265882.533150 0.007241253 -0.007769447 -0.002471224 -0.002522334 -0.007386740 -0.005041989 0.999956846
1548265882.566560 0.111837476 -0.042489387 -0.030517295 -0.008443310 -0.017535441 -0.008143281 0.999777436
1548265882.600030 0.001298407 -0.002611245 -0.006250556 -0.004139147 0.005416282 -0.012492971 0.999898732
1548265882.633440 0.035761613 -0.007279916 -0.005996045 -0.006753632 -0.000725176 -0.016831214 0.999835312
1548265882.665210 0.042245358 -0.013411044 -0.022554286 -0.011042053 0.007702967 -0.018138312 0.999744892
1548265882.698670 -0.022765420 0.023864398 -0.003409481 -0.008404487 0.017894885 -0.017278979 0.999655247
1548265882.732180 0.025955861 -0.002846115 -0.012678478 -0.015829861 0.006031998 -0.017214369 0.999708354
1548265882.765670 0.006268626 0.005333852 -0.006524652 -0.017522132 0.009941762 -0.014970363 0.999684989
1548265882.799210 0.015260072 0.007856750 -0.006857586 -0.020799424 0.006089746 -0.010066846 0.999714494
1548265882.832700 0.019057471 0.007856558 -0.005593009 -0.022960588 0.004640175 -0.006319939 0.999705732
1548265882.866180 0.026440445 0.010079064 -0.009888067 -0.024701022 0.001920686 -0.002760262 0.999689221
1548265882.899700 0.034762695 0.004537406 -0.012186600 -0.026612652 0.000262236 -0.000171095 0.999645829
1548265882.933210 0.031922583 0.006968924 -0.016973343 -0.025347518 0.000574373 0.001471733 0.999677420
1548265882.966730 0.033383284 0.005663922 -0.022169994 -0.023744499 -0.000637621 0.001239401 0.999717116
1548265883.000250 0.051656533 0.001216019 -0.035577536 -0.021907717 -0.001845513 0.000320928 0.999758303
1548265883.033800 0.031163447 0.016315032 -0.041702926 -0.017337183 0.003123414 -0.000668194 0.999844670
1548265883.067340 0.037874818 0.015571796 -0.050886568 -0.015748221 0.001536896 -0.002453064 0.999871790
1548265883.100860 0.040417194 0.022174267 -0.060678396 -0.013720091 0.002838879 -0.004270627 0.999892771
1548265883.134400 0.032584328 0.027842704 -0.068336785 -0.012917486 0.004620291 -0.005548864 0.999890506
1548265883.167910 0.036496636 0.031831104 -0.075265899 -0.012657438 0.004130100 -0.006444244 0.999890625
1548265883.201430 0.024393193 0.038487934 -0.078009650 -0.012036860 0.005621463 -0.006175040 0.999892712
1548265883.234950 0.034237862 0.039411977 -0.086086437 -0.012720038 0.003095544 -0.006556038 0.999892831
1548265883.268460 0.042015489 0.036238890 -0.091761455 -0.014401140 0.003710581 -0.007020326 0.999864817
1548265883.301800 0.028680321 0.042148683 -0.095263377 -0.014033251 0.006752821 -0.006450746 0.999857962
1548265883.335310 0.039040513 0.034553897 -0.100686945 -0.015290024 0.003646762 -0.006731912 0.999853849
1548265883.368830 0.052629080 0.027149217 -0.107264742 -0.016050018 0.003429003 -0.006944016 0.999841213
1548265883.402280 0.038448613 0.035173584 -0.108561650 -0.013743960 0.008141587 -0.005165787 0.999859154
1548265883.435790 0.038013369 0.034495279 -0.111329578 -0.012468754 0.007316888 -0.004675758 0.999884605
1548265883.469300 0.069431968 0.027155798 -0.124745913 -0.012297271 0.004768370 -0.004120316 0.999904573
1548265883.502820 0.053230956 0.034758363 -0.123912416 -0.010019678 0.010736391 -0.002655097 0.999888659
1548265883.536330 0.065273963 0.031591911 -0.129496366 -0.009684638 0.011597068 -0.001989753 0.999883950
1548265883.569820 0.089496240 0.029611154 -0.138251826 -0.009170380 0.015011540 0.000156860 0.999845266
1548265883.603340 0.052838054 0.033397011 -0.130764499 -0.007279460 0.026896004 0.000542304 0.999611616
1548265883.636850 0.077133976 0.024736537 -0.139457449 -0.006688975 0.028557051 0.001901305 0.999567986
1548265883.670370 0.059635859 0.032837830 -0.137326911 -0.002986561 0.039173931 0.003559233 0.999221623
1548265883.703910 0.068948746 0.027868075 -0.144080877 -0.001177460 0.043352973 0.005306508 0.999045074
1548265883.737430 0.112560593 0.019100666 -0.150193170 0.000038344 0.045020986 0.007005650 0.998961508
1548265883.770950 0.060199317 0.035786264 -0.143486917 0.004959345 0.062282115 0.008408629 0.998010874
1548265883.804530 0.065758236 0.030187730 -0.147696197 0.006454561 0.067209639 0.010842663 0.997659087
1548265883.838180 0.063666739 0.031577908 -0.143970951 0.008666448 0.072397076 0.014140519 0.997238040
1548265883.871940 0.073138639 0.025841847 -0.147374243 0.009743438 0.074678585 0.016187161 0.997028649
1548265883.905460 0.058701433 0.030713769 -0.141260013 0.012806073 0.080549657 0.018307673 0.996500254
1548265883.939000 0.068086252 0.026991785 -0.140976474 0.014590732 0.081248499 0.019772612 0.996390879
1548265883.972510 0.102066062 0.017677769 -0.146648929 0.015305271 0.083056815 0.021294413 0.996199727
1548265884.006030 0.056154098 0.026213456 -0.137035742 0.019381160 0.095926121 0.022428131 0.994947016
1548265884.039550 0.059174906 0.025925485 -0.136217505 0.021620983 0.097129717 0.022364756 0.994785547
1548265884.073060 0.062986702 0.032512102 -0.135317013 0.023879679 0.101043507 0.022445772 0.994342089
1548265884.106580 0.042554457 0.032120675 -0.128201768 0.024855856 0.106376760 0.022442091 0.993761837
1548265884.140090 0.080418065 0.024155486 -0.134358227 0.024108032 0.104034320 0.021951953 0.994039178
1548265884.173590 0.049103513 0.029259050 -0.127645537 0.025347287 0.114142522 0.022206943 0.992892742
1548265884.206970 0.042809378 0.035316516 -0.119331688 0.026991237 0.115098476 0.022129642 0.992740691
1548265884.240470 0.079877310 0.031247325 -0.124654181 0.026375057 0.112705350 0.022511449 0.993023217
1548265884.273990 0.046042822 0.044243205 -0.117919140 0.028175620 0.122804955 0.022043820 0.991785884
1548265884.307480 0.045467418 0.036371019 -0.114665344 0.026507746 0.124112159 0.021817135 0.991674125
1548265884.340990 0.054984588 0.035368789 -0.112415053 0.024278544 0.127648577 0.021187557 0.991295874
1548265884.374510 0.039579742 0.051939040 -0.108280607 0.024376547 0.134047493 0.020503713 0.990462899
1548265884.408030 0.068381295 0.040006552 -0.110679276 0.020365592 0.133031771 0.020446459 0.990691602
1548265884.441190 0.068661004 0.029868606 -0.108308300 0.016668329 0.142418474 0.020028912 0.989463508
1548265884.474710 0.037204046 0.026554823 -0.097045809 0.015520223 0.151667312 0.020251654 0.988102257
1548265884.508230 0.055411335 0.023381401 -0.102692246 0.014342486 0.152887076 0.020574201 0.987925410
1548265884.541970 0.061305746 0.014783066 -0.100955844 0.011903706 0.161307096 0.021947285 0.986588418
1548265884.575610 0.043526225 0.016180374 -0.090553239 0.012167045 0.170782700 0.023937697 0.984942794
1548265884.609120 0.051027171 0.018151475 -0.089057632 0.012684223 0.176878229 0.027435057 0.983768582
1548265884.642640 0.051570877 0.021579338 -0.087513082 0.014128217 0.182254314 0.031686757 0.982639134
1548265884.676150 0.056702215 0.013430319 -0.085202105 0.013741446 0.187758029 0.035429239 0.981480002
1548265884.709670 0.061695021 0.014876710 -0.083289824 0.015329318 0.195789814 0.041066565 0.979665697
1548265884.743190 0.056088321 0.010945000 -0.082608685 0.016088638 0.204154819 0.046461616 0.977703094
1548265884.776700 0.064994074 0.010629693 -0.080269739 0.017614709 0.209933132 0.051199250 0.976215363
1548265884.810220 0.085753113 0.007951477 -0.098010413 0.017648408 0.216122150 0.057069812 0.974537253
1548265884.843710 0.092936583 0.014752559 -0.102937944 0.019038906 0.225059405 0.063861355 0.972063541
1548265884.877190 0.052057914 0.001686655 -0.089313842 0.017395176 0.238865167 0.068779454 0.968457699
1548265884.910640 0.029074259 0.009589861 -0.079691134 0.018802036 0.248994991 0.074098408 0.965483010
1548265884.944160 0.025209609 0.014353493 -0.080884874 0.019062033 0.255072355 0.078746974 0.963521540
1548265884.977740 0.018796565 0.014861319 -0.079097964 0.018601749 0.260946184 0.082276613 0.961660922
1548265885.011250 -0.000153409 0.021440176 -0.076773085 0.018792640 0.268199593 0.085162155 0.959407806
1548265885.044770 0.028663957 0.035010073 -0.073164821 0.019155713 0.267155945 0.087684952 0.959464490
1548265885.078290 0.021299794 0.038639806 -0.069827430 0.017293504 0.271670640 0.088733204 0.958134890
1548265885.111800 0.029921792 0.043298226 -0.077540286 0.015031662 0.274164885 0.089469761 0.957393825
1548265885.145320 0.015235309 0.037092686 -0.069469459 0.011972053 0.282050312 0.091443010 0.954956889
1548265885.178890 0.004378829 0.029583579 -0.067874841 0.010316095 0.287200689 0.094718665 0.953120053
1548265885.212670 0.007046639 0.027421743 -0.072981872 0.009458316 0.290273666 0.097241178 0.951943219
1548265885.245870 -0.005397575 0.030414654 -0.066058546 0.009775667 0.296522379 0.100458950 0.949677289
1548265885.279380 -0.023461342 0.024120271 -0.057584338 0.009396908 0.301883072 0.103576735 0.947655141
1548265885.312810 -0.009363708 0.040055327 -0.070630305 0.011540297 0.301098734 0.105088837 0.947714508
1548265885.346410 -0.025386957 0.033546500 -0.064816058 0.009905405 0.309194416 0.107459508 0.944856167
1548265885.380420 -0.036353555 0.031793486 -0.057648402 0.009411398 0.314856857 0.110370651 0.942653120
1548265885.413960 -0.006680501 0.043941308 -0.080015659 0.010161767 0.313891292 0.113078602 0.942646384
1548265885.447470 -0.020559452 0.042866357 -0.069012471 0.008683386 0.323771417 0.115414232 0.939029455
1548265885.480990 -0.028798843 0.027163174 -0.064080358 0.005387622 0.330424786 0.117962919 0.936416149
1548265885.514510 -0.019499129 0.045088019 -0.071819164 0.006449215 0.334269017 0.119297810 0.934874773
1548265885.548020 -0.040255725 0.030794820 -0.053694762 0.003111924 0.342937082 0.121633448 0.931445062
1548265885.581520 -0.040517814 0.030523643 -0.057382446 0.001754755 0.346693128 0.123507731 0.929810047
1548265885.614860 -0.039919116 0.027245471 -0.052701276 -0.000110490 0.351182699 0.125994563 0.927790999
1548265885.648370 -0.057196442 0.017547142 -0.038458634 -0.001883727 0.357866526 0.126602724 0.925148487
1548265885.681670 -0.060933392 0.018378081 -0.033115469 -0.002246364 0.361815840 0.127575293 0.923476458
1548265885.715190 -0.057585128 0.017235551 -0.033332046 -0.002594559 0.364411026 0.129063219 0.922247589
1548265885.748850 -0.055128925 0.020921599 -0.035585247 -0.002299100 0.367034197 0.130462751 0.921010375
1548265885.782220 -0.057914205 0.014225591 -0.031135691 -0.003889096 0.372621089 0.132615209 0.918450713
1548265885.815880 -0.056287270 0.013743687 -0.031350613 -0.004044100 0.376742989 0.135061398 0.916409731
1548265885.849400 -0.059395075 0.012167567 -0.023540139 -0.004148428 0.382425070 0.137748301 0.913651705
1548265885.882880 -0.053050600 0.020235015 -0.019715808 -0.001953984 0.385507762 0.140903607 0.911880553
1548265885.916400 -0.057887070 0.019687029 -0.015202910 -0.000712344 0.389651120 0.143898159 0.909650981
1548265885.949930 -0.060266357 0.009132364 -0.012604997 -0.000633748 0.393889099 0.148972109 0.907005191
1548265885.983450 -0.077084437 -0.001980684 0.004204901 -0.000691640 0.399988472 0.151741594 0.903871238
1548265886.016980 -0.071639366 -0.002243962 -0.001542293 0.000935066 0.400950581 0.155839428 0.902746856
1548265886.050490 -0.077553526 -0.005156522 0.006589103 0.001886953 0.404509336 0.158505157 0.900691330
1548265886.084010 -0.079246223 -0.010887990 0.011167550 0.002357446 0.406758219 0.162178367 0.899021924
1548265886.117600 -0.080816947 -0.015524691 0.019004118 0.003222880 0.408490807 0.165256023 0.897672236
1548265886.151160 -0.078033909 -0.014679937 0.021328269 0.005958570 0.408659846 0.167875931 0.897094965
1548265886.184730 -0.077822074 -0.013219668 0.018348807 0.008312020 0.408052117 0.169144303 0.897114575
1548265886.218240 -0.085088894 -0.009054868 0.026844658 0.010821657 0.411185950 0.170232996 0.895449519
1548265886.251770 -0.081213787 -0.013712537 0.021789996 0.012143774 0.409544438 0.172677845 0.895716608
1548265886.285280 -0.080071539 -0.020517081 0.019421995 0.012609029 0.410877973 0.174068555 0.894829929
1548265886.318790 -0.080876879 -0.027381629 0.021067070 0.014300400 0.413034290 0.175610095 0.893509567
1548265886.352310 -0.087141573 -0.029345034 0.024991278 0.016918078 0.414827585 0.176085144 0.892539024
1548265886.385830 -0.086754553 -0.033302329 0.023596458 0.018469954 0.415531009 0.176387846 0.892121196
1548265886.419490 -0.089526810 -0.036086373 0.024036838 0.020941433 0.417062014 0.176825806 0.891265035
1548265886.453000 -0.095342249 -0.036564037 0.025098030 0.024031404 0.418778092 0.176479742 0.890450597
1548265886.486520 -0.108859003 -0.034382600 0.033414789 0.026148545 0.424385011 0.175285921 0.887968719
1548265886.520030 -0.124880396 -0.053037100 0.050441563 0.025677364 0.433472604 0.177810267 0.883077443
1548265886.553550 -0.105039179 -0.049004998 0.027144717 0.028103912 0.431000143 0.179339752 0.883904040
1548265886.586910 -0.130856842 -0.045532610 0.045577973 0.030559283 0.440659255 0.177592963 0.879401147
1548265886.620090 -0.140253782 -0.045434516 0.065806225 0.033956580 0.449079752 0.180611834 0.874387681
1548265886.653600 -0.107114255 -0.042920072 0.015787663 0.035199948 0.443055898 0.182986185 0.876914203
1548265886.687120 -0.116539069 -0.040484488 0.023039322 0.036595173 0.451506615 0.183415815 0.872445583
1548265886.720630 -0.102335334 -0.045023646 0.020634253 0.038129516 0.453528136 0.188019171 0.870348930
1548265886.754150 -0.126466870 -0.049946643 0.031082280 0.038901009 0.459795624 0.188141644 0.866993368
1548265886.787670 -0.119954042 -0.045968913 0.028047200 0.038289201 0.464854419 0.189843982 0.863946557
1548265886.821180 -0.170459583 -0.069529608 0.072056420 0.036971793 0.477360040 0.191757560 0.856731951
1548265886.854700 -0.175188512 -0.072463781 0.080191314 0.035802301 0.482922584 0.192933127 0.853393674
1548265886.888210 -0.173832148 -0.074752823 0.073233917 0.033936046 0.488275111 0.196390122 0.849627435
1548265886.921730 -0.179596856 -0.075539723 0.080730356 0.033981483 0.493214518 0.198325485 0.846316576
1548265886.955230 -0.188644230 -0.070296809 0.084117219 0.033722330 0.499368668 0.198280692 0.842720926
1548265886.988750 -0.197340295 -0.078744031 0.095159709 0.032207161 0.506490886 0.201079220 0.837852538
1548265887.022280 -0.196492612 -0.085737824 0.090012930 0.031015564 0.508748949 0.202793062 0.836114585
1548265887.055800 -0.204357639 -0.083237693 0.097740091 0.031089315 0.514021099 0.202213675 0.833021879
1548265887.089320 -0.214793906 -0.089801461 0.105035797 0.030645268 0.519191742 0.203787908 0.829440415
1548265887.122870 -0.222778231 -0.092657313 0.108532272 0.030659987 0.522362828 0.203920931 0.827413678
1548265887.156400 -0.240393430 -0.084806874 0.129449427 0.032742813 0.528899014 0.203888640 0.823178709
1548265887.189910 -0.246283486 -0.082500279 0.128693581 0.034902304 0.529661119 0.204613745 0.822419643
1548265887.223460 -0.245462686 -0.089050911 0.124385305 0.033899844 0.532308936 0.206912696 0.820173860
1548265887.257080 -0.251916170 -0.095633976 0.137051821 0.035220038 0.535358429 0.210539907 0.817204893
1548265887.290490 -0.256643832 -0.090004832 0.135636032 0.037065454 0.535272181 0.211615652 0.816901982
1548265887.324010 -0.259199023 -0.083344281 0.135342985 0.037796069 0.537582159 0.212935895 0.815006316
1548265887.357520 -0.264329255 -0.094561905 0.145864293 0.036640901 0.540545464 0.216320872 0.812202752
1548265887.391040 -0.268048257 -0.091376692 0.149670735 0.037107691 0.540396452 0.217889249 0.811861455
1548265887.424660 -0.263350606 -0.089709453 0.141608238 0.035289604 0.539833426 0.218835801 0.812062502
1548265887.458180 -0.263470948 -0.092551917 0.144747019 0.033719324 0.541319311 0.220280409 0.810748458
1548265887.491690 -0.257388890 -0.099588782 0.141427696 0.032374509 0.541163087 0.221051499 0.810697675
1548265887.525210 -0.262238681 -0.097651005 0.147210047 0.032047793 0.543271244 0.219204605 0.809801579
1548265887.558720 -0.264328063 -0.107321128 0.157296211 0.030977953 0.546708882 0.219474941 0.807453156
1548265887.592200 -0.265722126 -0.102025002 0.158810556 0.032138851 0.547321439 0.218378320 0.807290137
1548265887.625650 -0.266471744 -0.104655832 0.162085354 0.031533968 0.549346030 0.217761785 0.806104422
1548265887.659100 -0.270938307 -0.109686852 0.177139536 0.031572495 0.553353369 0.218978003 0.803026676
1548265887.692610 -0.277280301 -0.113246650 0.193573251 0.032886356 0.555512786 0.220612958 0.801033080
1548265887.726110 -0.268757761 -0.110881753 0.186044380 0.033872396 0.554284155 0.222205684 0.801402867
1548265887.759600 -0.266008914 -0.111899897 0.189676046 0.033437662 0.556369960 0.224140793 0.799434423
1548265887.793080 -0.260490596 -0.121527702 0.198294744 0.033018727 0.559186041 0.228134722 0.796351254
1548265887.826460 -0.270423770 -0.105470911 0.223318368 0.035801645 0.562179267 0.226962090 0.794456363
1548265887.859920 -0.265422076 -0.109308124 0.230470493 0.034831863 0.564561129 0.229715586 0.792015314
1548265887.893440 -0.257083297 -0.110494114 0.232847363 0.035224292 0.565347373 0.232763574 0.790545762
1548265887.926950 -0.249997661 -0.108088240 0.238189250 0.035063382 0.566850066 0.234464079 0.788972914
1548265887.960470 -0.236313254 -0.114928529 0.236502618 0.033958420 0.568506122 0.237636313 0.786877811
1548265887.993980 -0.233126134 -0.124392867 0.249505088 0.034096383 0.571984887 0.240232259 0.783555448
1548265888.027500 -0.231582731 -0.123692214 0.266918719 0.034654420 0.575174749 0.240674987 0.781056166
1548265888.061020 -0.216835529 -0.129088402 0.262546092 0.034693133 0.575347602 0.243962750 0.779906273
1548265888.094560 -0.207277030 -0.133223340 0.262728482 0.034330439 0.576545238 0.245379463 0.778592348
1548265888.128110 -0.200550318 -0.127120763 0.270793676 0.034257468 0.580722690 0.246232957 0.775214195
1548265888.161670 -0.199095249 -0.119127840 0.294940650 0.034094512 0.587801933 0.246182278 0.769883573
1548265888.195670 -0.184480041 -0.137404099 0.301135838 0.031966195 0.592050552 0.250413477 0.765341401
1548265888.229180 -0.165778607 -0.141090780 0.283229768 0.031682227 0.592008889 0.252823770 0.764592588
1548265888.262700 -0.156393081 -0.145498291 0.286471337 0.031115327 0.596080601 0.254217356 0.760981858
1548265888.296210 -0.137918711 -0.158807531 0.284675360 0.030346388 0.597871840 0.257542431 0.758485556
1548265888.329730 -0.134427100 -0.153336048 0.294699669 0.031622060 0.601323187 0.256358713 0.756102383
1548265888.363320 -0.133646518 -0.151180759 0.314101130 0.032630879 0.607657909 0.255729318 0.751192093
1548265888.397010 -0.115022689 -0.166915178 0.306910604 0.031493012 0.609023809 0.259018689 0.749004424
1548265888.430530 -0.108782619 -0.162226200 0.310521752 0.032904919 0.611350298 0.258257776 0.747309268
1548265888.464040 -0.119395494 -0.143491596 0.345707923 0.035206091 0.619897962 0.254656315 0.741375327
1548265888.497380 -0.097300708 -0.170300275 0.339860409 0.032410610 0.621389568 0.260451525 0.738234162
1548265888.530830 -0.090030611 -0.167113006 0.343074143 0.033306580 0.622890651 0.259741694 0.737178624
1548265888.564200 -0.092890859 -0.149688780 0.353035569 0.035194613 0.627552271 0.257291287 0.733989716
1548265888.597340 -0.082967252 -0.157569766 0.357769698 0.033977665 0.631749511 0.259357631 0.729706645
1548265888.630850 -0.075561374 -0.164479136 0.360794872 0.032651484 0.635519922 0.260260493 0.726163089
1548265888.664370 -0.067890853 -0.164369643 0.368248910 0.032272264 0.640035629 0.260677963 0.722052634
1548265888.697880 -0.062686771 -0.159273207 0.384157568 0.032405347 0.645672679 0.260058403 0.717235267
1548265888.731560 -0.051187575 -0.163068846 0.380000651 0.031101445 0.649549365 0.261804163 0.713145792
1548265888.765210 -0.050194979 -0.158149958 0.389184028 0.031296410 0.655385554 0.261240691 0.707985640
1548265888.798810 -0.051804811 -0.137277007 0.412974477 0.032008864 0.664302528 0.258446425 0.700630546
1548265888.832330 -0.036158323 -0.172981456 0.410044372 0.026563380 0.670771241 0.266932338 0.691453159
1548265888.865760 -0.019640982 -0.177246571 0.393677711 0.026136337 0.672077060 0.271827877 0.688286960
1548265888.899140 -0.036347359 -0.146586955 0.435563356 0.028271183 0.682741046 0.267963290 0.679162025
1548265888.932500 -0.012927085 -0.165450871 0.423586696 0.025803270 0.686895192 0.276574314 0.671577156
1548265888.966010 0.002833873 -0.178668454 0.408098936 0.023994176 0.689276874 0.283178002 0.666432202
1548265888.999530 0.002911747 -0.177257851 0.466542095 0.023746995 0.702548027 0.283168435 0.652440071
1548265889.033040 0.000597358 -0.154574633 0.452363849 0.026143406 0.707697034 0.285444140 0.645757735
1548265889.066720 0.009055018 -0.158195063 0.456704646 0.025599550 0.714754522 0.289933980 0.635931611
1548265889.100280 0.003271282 -0.153271660 0.433186114 0.024336992 0.719905436 0.294098049 0.628211915
1548265889.133880 0.022516906 -0.157585233 0.433763385 0.024882587 0.726929247 0.299969196 0.617230237
1548265889.167490 0.040037751 -0.168020397 0.436106712 0.024587166 0.732509077 0.304703623 0.608261168
1548265889.200830 0.037965775 -0.168802932 0.430412263 0.025400061 0.736655176 0.306321144 0.602379858
1548265889.234310 0.049989760 -0.168319404 0.413328588 0.026677102 0.740056217 0.308452368 0.597044706
1548265889.267630 0.042525470 -0.169403762 0.416665971 0.028539397 0.745290279 0.307228327 0.591048777
1548265889.301080 0.034228027 -0.161317691 0.419738263 0.031766605 0.751063883 0.305634171 0.584364474
1548265889.334590 0.077563584 -0.217071325 0.455380052 0.027481481 0.760274470 0.310587615 0.569879651
1548265889.368180 0.079322577 -0.220884472 0.441732079 0.027389865 0.764348567 0.309398472 0.565060794
1548265889.401890 0.097582698 -0.243086502 0.461478084 0.028990770 0.770720065 0.313448817 0.553985536
1548265889.435440 0.097837865 -0.243433267 0.452011228 0.031602267 0.770902395 0.313709110 0.553441465
1548265889.468960 0.092280626 -0.237954915 0.461878866 0.033101689 0.773759127 0.311911136 0.550375044
1548265889.502470 0.099014997 -0.237126827 0.456950605 0.033739258 0.774217367 0.313389271 0.548850060
1548265889.535990 0.105021238 -0.235752374 0.463109940 0.032652192 0.775954485 0.312763125 0.546816051
1548265889.569470 0.108344257 -0.237557620 0.459337443 0.031286072 0.777379930 0.313695788 0.544331431
1548265889.602790 0.114466667 -0.237925857 0.459629595 0.028127581 0.779050112 0.312721580 0.542673886
1548265889.636240 0.142631710 -0.271142155 0.466321111 0.019508243 0.783196449 0.316092134 0.535078168
1548265889.669650 0.134170413 -0.247636020 0.454907358 0.019244811 0.784434736 0.314562261 0.534174562
1548265889.703150 0.142434835 -0.250434816 0.451438218 0.016293939 0.785401821 0.315376639 0.532368422
1548265889.736660 0.155778110 -0.253587514 0.468515754 0.012563840 0.789215326 0.315007091 0.527021766
1548265889.770170 0.163305044 -0.249906793 0.458837390 0.011238596 0.789531946 0.316262752 0.525824070
1548265889.803680 0.181531370 -0.256217837 0.472453952 0.007836433 0.792442620 0.316754490 0.521190882
1548265889.837200 0.203893125 -0.260448366 0.486563832 0.005609481 0.795938909 0.319256127 0.514320314
1548265889.870680 0.218815446 -0.263140678 0.482823521 0.004225736 0.796752751 0.322235674 0.511205792
1548265889.904200 0.222950220 -0.249552339 0.478502512 0.003639700 0.798236132 0.321258098 0.509508669
1548265889.937710 0.255781472 -0.278174818 0.493816435 -0.001077582 0.802496552 0.326900393 0.499133497
1548265889.971260 0.246353865 -0.237263098 0.472074568 0.007046158 0.801071942 0.327531010 0.500956714
1548265890.004790 0.266356707 -0.261886925 0.471048534 -0.001132822 0.803625524 0.327640861 0.496826231
1548265890.038340 0.283147097 -0.261621743 0.486438572 -0.001331931 0.810070336 0.329764247 0.484809190
1548265890.071860 0.286309540 -0.239799306 0.479822278 0.004318031 0.812116981 0.331567585 0.480114996
1548265890.105380 0.292104840 -0.229942888 0.466847181 0.003553468 0.813459814 0.331704646 0.477747470
1548265890.138920 0.314828157 -0.240826309 0.468684614 0.000177844 0.817300737 0.334863275 0.468920141
1548265890.172490 0.299547732 -0.189587682 0.458931118 0.006087313 0.820256710 0.331350148 0.466207087
1548265890.206090 0.323391616 -0.212589055 0.475886673 0.002804941 0.825827301 0.335951507 0.452921718
1548265890.239610 0.390112579 -0.254638195 0.514939606 -0.005561418 0.834471107 0.342026293 0.432024390
1548265890.273280 0.397447705 -0.242982894 0.490000010 -0.002965696 0.835869491 0.346596330 0.425657690
1548265890.307030 0.403756022 -0.238628834 0.473471314 -0.002849442 0.837154031 0.349673897 0.420586735
1548265890.340580 0.413107455 -0.236491159 0.472718537 -0.003318201 0.839910150 0.351808220 0.413244426
1548265890.374130 0.431829453 -0.237304524 0.473594934 -0.005264635 0.843427181 0.354353547 0.403777808
1548265890.407670 0.437013566 -0.220842883 0.469378084 -0.003833679 0.846876860 0.355085373 0.395852715
1548265890.441260 0.440910637 -0.212117031 0.441046834 -0.002829736 0.847404420 0.358508468 0.391624302
1548265890.474700 0.455214500 -0.225840926 0.430412471 -0.004805107 0.848922372 0.363189667 0.383928508
1548265890.508220 0.463857353 -0.214464024 0.429985881 -0.003978335 0.851810455 0.364772946 0.375957280
1548265890.541740 0.475604057 -0.211682618 0.441365212 -0.004119115 0.855434835 0.366390407 0.366022468
1548265890.575280 0.523215890 -0.252957612 0.464212716 -0.012085196 0.860006154 0.373087436 0.347921163
1548265890.608840 0.519878805 -0.238322541 0.433250040 -0.013164757 0.860820353 0.375529081 0.343209714
1548265890.642360 0.502161145 -0.185630366 0.429381490 -0.005851187 0.863251805 0.371654540 0.341518581
1548265890.675870 0.513775468 -0.190241590 0.425526142 -0.011230056 0.866134286 0.372664273 0.332876474
1548265890.709400 0.514668286 -0.184166372 0.405504286 -0.011662625 0.867588520 0.376154304 0.325057119
1548265890.742920 0.632210374 -0.239196584 0.490523636 -0.019686883 0.877819836 0.382766008 0.287289143
1548265890.776420 0.634981275 -0.227189481 0.486596465 -0.021311853 0.880661249 0.384265661 0.276263654
1548265890.809910 0.586166680 -0.197395384 0.476518720 -0.018776400 0.882878900 0.383054912 0.271000654
1548265890.843410 0.588124156 -0.159023762 0.436327457 -0.016250370 0.883883893 0.385128886 0.264879137
1548265890.876930 0.579998553 -0.182609409 0.363205254 -0.023619412 0.879546523 0.395651966 0.263248086
1548265890.910430 0.596262515 -0.181651443 0.352899641 -0.024596298 0.881398141 0.400073111 0.249947891
1548265890.943930 0.594088078 -0.169094309 0.347219735 -0.021822209 0.883337438 0.402153075 0.239816025
1548265890.977410 0.611199260 -0.165672421 0.341947615 -0.020319210 0.885208011 0.405331373 0.227377385
1548265891.010920 0.621314108 -0.164686367 0.335808039 -0.019146677 0.886964917 0.407335460 0.216805145
1548265891.044310 0.623063505 -0.143181443 0.336890757 -0.012509149 0.889175236 0.408462018 0.205839232
1548265891.077790 0.642382264 -0.146291107 0.348849595 -0.010955111 0.891129136 0.409546524 0.195039973
1548265891.111210 0.634584308 -0.137590066 0.337688655 -0.008037012 0.891450584 0.411291122 0.189975843
1548265891.144720 0.645368457 -0.137884825 0.329468489 -0.005217442 0.891197801 0.413873971 0.185600951
1548265891.178180 0.645374596 -0.143744305 0.312846124 -0.008411448 0.890623033 0.414941669 0.185858339
1548265891.211530 0.657600760 -0.139809012 0.315408289 -0.008764673 0.892207325 0.415288925 0.177269474
1548265891.245000 0.667875409 -0.138877064 0.318175375 -0.006759498 0.893298566 0.414652497 0.173307136
1548265891.278480 0.661223769 -0.141554981 0.299683064 -0.009074531 0.893075049 0.415078104 0.173334464
1548265891.312000 0.680819690 -0.133597031 0.312788069 -0.008342272 0.895302892 0.413974375 0.164281547
1548265891.345540 0.702427208 -0.135388523 0.306170940 -0.009930369 0.895583451 0.414850235 0.160408556
1548265891.379110 0.624051332 -0.119789332 0.281626552 -0.003873086 0.894515097 0.414801747 0.166635364
1548265891.412580 0.736226559 -0.128965527 0.304802954 -0.010455068 0.897785902 0.416355908 0.143244728
1548265891.446060 0.715133846 -0.128647566 0.287991047 -0.009419797 0.897046745 0.416709006 0.146874040
1548265891.479570 0.717752695 -0.120631680 0.286729187 -0.009182309 0.898025572 0.416689247 0.140839726
1548265891.513080 0.728334963 -0.113916010 0.283328146 -0.007210535 0.898095429 0.417996854 0.136569574
1548265891.546610 0.730073690 -0.110952228 0.275682122 -0.007645721 0.897620499 0.419229597 0.135887951
1548265891.580130 0.726439595 -0.102291510 0.274259686 -0.008074976 0.898078620 0.419972271 0.130433679
1548265891.613670 0.744311094 -0.090171129 0.279848248 -0.002275130 0.898004472 0.422577828 0.122518726
1548265891.647190 0.747711957 -0.085672699 0.271136671 -0.000696385 0.896719515 0.423759520 0.127755567
1548265891.680700 0.761663556 -0.086286090 0.250176042 -0.003852315 0.895301998 0.426424623 0.128769442
1548265891.714190 0.768688023 -0.061016180 0.264036804 0.003388655 0.896201313 0.424362093 0.129339024
1548265891.747690 0.777201176 -0.072129183 0.239386380 0.000197966 0.893414199 0.427613676 0.137686357
1548265891.781220 0.782545865 -0.063130669 0.232331991 0.001220910 0.892499387 0.428560942 0.140637591
1548265891.814810 0.791350067 -0.040165771 0.246143952 0.007445528 0.892773926 0.426524758 0.144830495
1548265891.848320 0.800729990 -0.039249018 0.220644563 0.003535292 0.890230775 0.428623587 0.154138267
1548265891.881840 0.776002049 -0.029459268 0.202196926 0.006382783 0.888038754 0.429433316 0.164114550
1548265891.915370 0.814330876 -0.032820381 0.197043389 0.000501827 0.887391388 0.430806130 0.164141059
1548265891.948950 0.815377891 -0.022801436 0.184768707 -0.001511946 0.885965526 0.431111962 0.170895591
1548265891.982480 0.816833258 -0.013197877 0.168216497 -0.003580660 0.884706676 0.432000369 0.175091431
1548265892.016020 0.835558414 -0.006810874 0.160010725 -0.005606885 0.884062290 0.432756573 0.176420659
1548265892.049560 0.834896803 -0.002479747 0.147681832 -0.008411197 0.882949233 0.432650864 0.182052702
1548265892.083090 0.849226236 0.007032633 0.135331213 -0.009228807 0.882533193 0.433483958 0.182048410
1548265892.116610 0.848876536 0.005124345 0.127463967 -0.010570099 0.881295025 0.433988780 0.186711475
1548265892.150120 0.877198100 0.009397790 0.114504576 -0.016205654 0.881386399 0.434777170 0.184022322
1548265892.183650 0.889143705 0.019645542 0.107933253 -0.016313421 0.881295085 0.434525341 0.185042158
1548265892.217160 0.892344415 0.022109598 0.094056755 -0.019081276 0.880403399 0.434886158 0.188148260
1548265892.250680 0.896793425 0.036010042 0.090903968 -0.017723413 0.880835414 0.434439778 0.187288702
1548265892.284700 0.906091511 0.046401292 0.085426211 -0.015976658 0.880300701 0.434234440 0.190410182
1548265892.318240 0.912252307 0.045382679 0.066524684 -0.018720722 0.878863215 0.435181260 0.194592938
1548265892.351750 0.918614030 0.058501840 0.067536533 -0.015798010 0.879720032 0.433773518 0.194122791
1548265892.385270 0.922067523 0.066148698 0.060946226 -0.014139706 0.878933549 0.432884395 0.199717686
1548265892.418790 0.926469743 0.065154493 0.047825575 -0.016244076 0.877606750 0.433665574 0.203658238
1548265892.452280 0.929733992 0.080066800 0.047976673 -0.012876771 0.877755642 0.432461977 0.205805704
1548265892.485800 0.935681462 0.081605405 0.037869930 -0.013748814 0.876088977 0.433035970 0.211563244
1548265892.519220 0.954667866 0.082679421 0.028671324 -0.016006734 0.875011206 0.434850216 0.212142557
