1548265882.499630 0.000000000 0.000000000 0.000000000 -0.000000000 -0.000000000 -0.000000000 1.000000000
1548265882.533150 0.007241253 -0.007769447 -0.002471224 -0.002522334 -0.007386740 -0.005041989 0.999956846
1548265882.566560 0.063652687 -0.012482356 -0.012097907 -0.003640588 -0.010063968 -0.008942227 0.999902785
1548265882.600030 -0.000958991 -0.000279157 -0.004771512 -0.003769304 0.005661265 -0.012042071 0.999904394
1548265882.633440 0.033183042 -0.006705426 -0.005127007 -0.006652345 -0.000318113 -0.016607018 0.999839962
1548265882.665210 0.044416834 -0.015527879 -0.020288344 -0.011455009 0.007426512 -0.017793545 0.999748528
1548265882.698670 -0.006068773 0.018560549 -0.010094410 -0.009049887 0.015139422 -0.015944133 0.999717355
1548265882.732180 0.013158309 -0.000412840 -0.008602334 -0.015534381 0.008204121 -0.018127304 0.999681354
1548265882.765670 0.006268626 0.005333852 -0.006524652 -0.017522132 0.009941762 -0.014970363 0.999684989
1548265882.799210 0.013804764 0.008911483 -0.005240786 -0.020542752 0.006344784 -0.010358260 0.999715209
1548265882.832700 0.019160010 0.008329422 -0.004701196 -0.022834418 0.004621193 -0.006467109 0.999707699
1548265882.866180 0.026543835 0.010550831 -0.008995354 -0.024575340 0.001901514 -0.002907812 0.999691963
1548265882.899700 0.034864560 0.005007299 -0.011294891 -0.026487278 0.000243021 -0.000318890 0.999649107
1548265882.933210 0.032025386 0.007440852 -0.016081158 -0.025222136 0.000554767 0.001324001 0.999680877
1548265882.966730 0.033485945 0.006136723 -0.021278068 -0.023619279 -0.000657435 0.001091549 0.999720216
1548265883.000250 0.051758498 0.001686799 -0.034685876 -0.021782650 -0.001865483 0.000172959 0.999760985
1548265883.033800 0.031270150 0.016793383 -0.040808424 -0.017211350 0.003102891 -0.000815445 0.999846756
1548265883.067340 0.037981723 0.016050475 -0.049991947 -0.015622580 0.001516364 -0.002600481 0.999873459
1548265883.100860 0.040526502 0.022654651 -0.059782002 -0.013594210 0.002818276 -0.004417837 0.999893904
1548265883.134400 0.032695662 0.028327314 -0.067439325 -0.012791319 0.004599729 -0.005695832 0.999891400
1548265883.167910 0.036609463 0.032316305 -0.074367255 -0.012531321 0.004109613 -0.006591267 0.999891341
1548265883.201430 0.024508109 0.038977381 -0.077109911 -0.011910530 0.005600850 -0.006321862 0.999893427
1548265883.234950 0.034353424 0.039900549 -0.085186005 -0.012594069 0.003075079 -0.006703192 0.999893486
1548265883.268460 0.042130381 0.036726598 -0.090861470 -0.014275073 0.003690423 -0.007167439 0.999865651
1548265883.301800 0.029068934 0.042973217 -0.092761017 -0.013820446 0.006621785 -0.006178418 0.999863505
1548265883.335310 0.037995268 0.042349048 -0.097436614 -0.014034446 0.003630571 -0.006197608 0.999875724
1548265883.368830 0.051591888 0.034975350 -0.104032546 -0.014794338 0.003412677 -0.006410005 0.999864221
1548265883.402280 0.037402965 0.042987913 -0.105309747 -0.012490787 0.008124242 -0.004625803 0.999878287
1548265883.435790 0.036968529 0.042316116 -0.108079389 -0.011215121 0.007299603 -0.004136777 0.999901950
1548265883.469300 0.066291951 0.033481047 -0.120350145 -0.011222635 0.005144106 -0.003872581 0.999916315
1548265883.502820 0.050951030 0.041064888 -0.119756758 -0.009059362 0.010922697 -0.002330088 0.999896586
1548265883.536330 0.062993921 0.037916746 -0.125351310 -0.008724473 0.011782837 -0.001663979 0.999891162
1548265883.569820 0.089070082 0.032761097 -0.134890005 -0.008728846 0.015032418 0.000451263 0.999848843
1548265883.603340 0.060184013 0.035025489 -0.128996581 -0.007124541 0.025319789 0.001347787 0.999653101
1548265883.636850 0.084521167 0.026407605 -0.137616202 -0.006537550 0.026981143 0.002707974 0.999610901
1548265883.670370 0.067003302 0.034479704 -0.135537818 -0.002846432 0.037601262 0.004373320 0.999279201
1548265883.703910 0.065303996 0.035264395 -0.135790139 -0.000130392 0.043636404 0.005823224 0.999030530
1548265883.737430 0.103626572 0.030517031 -0.143243715 0.001784627 0.046144247 0.007435761 0.998905540
1548265883.770950 0.062444475 0.040690579 -0.139773086 0.005694775 0.061710652 0.009368679 0.998033881
1548265883.804530 0.063541397 0.036531139 -0.139682353 0.007520629 0.067355528 0.010890863 0.997641265
1548265883.838180 0.051358439 0.040562835 -0.136672005 0.010161712 0.073976122 0.013498244 0.997116923
1548265883.871940 0.060810901 0.034822647 -0.140122116 0.011243368 0.076253578 0.015546545 0.996903837
1548265883.905460 0.046400629 0.039698232 -0.133947551 0.014312962 0.082118504 0.017670862 0.996363103
1548265883.939000 0.055780817 0.035961740 -0.133704841 0.016100334 0.082813792 0.019133998 0.996251285
1548265883.972510 0.097553708 0.027969031 -0.138138369 0.016928408 0.083473615 0.021292282 0.996138692
1548265884.006030 0.055705588 0.034414511 -0.130119488 0.020486146 0.095519207 0.022674574 0.994958460
1548265884.039550 0.058725841 0.034125477 -0.129299581 0.022725651 0.096723229 0.022613401 0.994794846
1548265884.073060 0.062535211 0.040711034 -0.128381237 0.024983302 0.100637391 0.022699662 0.994350374
1548265884.106580 0.042097576 0.040298164 -0.121282674 0.025958121 0.105971001 0.022702316 0.993771076
1548265884.140090 0.079968020 0.032356821 -0.127427906 0.025211107 0.103628904 0.022209276 0.994048417
1548265884.173590 0.048646949 0.037436996 -0.120727882 0.026447643 0.113737412 0.022476038 0.992904425
1548265884.206970 0.037639692 0.038718831 -0.117108196 0.027485099 0.115642011 0.022216508 0.992662072
1548265884.240470 0.064359002 0.043207720 -0.123010203 0.028151689 0.114713810 0.022279931 0.992749631
1548265884.273990 0.034066249 0.059712317 -0.116803236 0.030469812 0.124315210 0.021980315 0.991531253
1548265884.307480 0.040729616 0.058720522 -0.108998567 0.029827619 0.124638662 0.021584181 0.991518855
1548265884.340990 0.050248288 0.057691775 -0.106766693 0.027599020 0.128178284 0.020967737 0.991145313
1548265884.374510 0.035525728 0.063794971 -0.104975842 0.026218470 0.134542316 0.020738106 0.990343869
1548265884.408030 0.050255045 0.054980855 -0.106383100 0.022849821 0.135538623 0.020108275 0.990304470
1548265884.441190 0.068585850 0.041377928 -0.106477030 0.018352309 0.142325521 0.021199187 0.989422679
1548265884.474710 0.037133444 0.037965126 -0.095231406 0.017193208 0.151572973 0.021437576 0.988063991
1548265884.508230 0.063001715 0.037262689 -0.100807056 0.016472023 0.151540324 0.021398522 0.988082170
1548265884.541970 0.069637559 0.026056493 -0.099225320 0.013604366 0.159740910 0.022890849 0.986799777
1548265884.575610 0.051824063 0.027392618 -0.088872910 0.013855547 0.169215500 0.024898265 0.985167146
1548265884.609120 0.059317827 0.029367587 -0.087346673 0.014361245 0.175306633 0.028407019 0.983999193
1548265884.642640 0.053053785 0.030225137 -0.084284611 0.015438929 0.181803688 0.032379199 0.982680380
1548265884.676150 0.060911890 0.021191899 -0.082112595 0.014900879 0.186996341 0.036777165 0.981558859
1548265884.709670 0.077678412 0.016504258 -0.085751228 0.015253638 0.193135306 0.042328808 0.980139971
1548265884.743190 0.072077475 0.012558831 -0.085102692 0.015987799 0.201505005 0.047725849 0.978193402
1548265884.776700 0.080971114 0.012263431 -0.082715578 0.017493704 0.207287878 0.052467439 0.976715386
1548265884.810220 0.079296149 0.013092727 -0.080852158 0.018467709 0.217129737 0.058575485 0.974208713
1548265884.843710 0.086450949 0.019923400 -0.085780457 0.019850984 0.226058885 0.065371819 0.971714914
1548265884.877190 0.083528005 0.014533346 -0.083416231 0.019100282 0.234144956 0.071107365 0.969409645
1548265884.910640 0.060427662 0.022310264 -0.073971674 0.020457301 0.244277716 0.076453313 0.966470301
1548265884.944160 0.056558177 0.027066788 -0.075177997 0.020680081 0.250352979 0.081114985 0.964528978
1548265884.977740 0.050126828 0.027543940 -0.073449254 0.020188475 0.256225824 0.084654003 0.962691247
1548265885.011250 0.031133369 0.034046974 -0.071270637 0.020347741 0.263482809 0.087554820 0.960467041
1548265885.044770 0.031365417 0.031958457 -0.067964323 0.018725773 0.266832143 0.088458426 0.959492087
1548265885.078290 0.023992635 0.035576873 -0.064633690 0.016859580 0.271345943 0.089504056 0.958162904
1548265885.111800 0.027897770 0.040629596 -0.065491572 0.014666334 0.274712771 0.090013795 0.957191348
1548265885.145320 0.013228052 0.034409042 -0.057401858 0.011603286 0.282595366 0.091985174 0.954748154
1548265885.178890 0.002383004 0.026886674 -0.055791833 0.009946215 0.287744552 0.095259264 0.952906013
1548265885.212670 0.005048124 0.024725772 -0.060900677 0.009088094 0.290816963 0.097780734 0.951725721
1548265885.245870 -0.007392485 0.027705986 -0.053965412 0.009403692 0.297065407 0.100995302 0.949454427
1548265885.279380 -0.025438946 0.021392414 -0.045468614 0.009023646 0.302425504 0.104110658 0.947427213
1548265885.312810 -0.011376031 0.037339255 -0.058537629 0.011168343 0.301642984 0.105621845 0.947486579
1548265885.346410 -0.018847894 0.037599128 -0.055339213 0.010395612 0.308422059 0.108256444 0.945012331
1548265885.380420 -0.029822960 0.035822127 -0.048190437 0.009894459 0.314083517 0.111170433 0.942812145
1548265885.413960 -0.019125938 0.044650111 -0.064747065 0.010566020 0.315987170 0.112836011 0.941970527
1548265885.447470 -0.032956105 0.043580655 -0.053682085 0.009095144 0.325859398 0.115176611 0.938332200
1548265885.480990 -0.041181460 0.027880974 -0.048715513 0.005806609 0.332507581 0.117733836 0.935704947
1548265885.514510 -0.031907186 0.045802198 -0.056493163 0.006872061 0.336347938 0.119067036 0.934155226
1548265885.548020 -0.052589912 0.031516962 -0.038278237 0.003541974 0.345009029 0.121411644 0.930706978
1548265885.581520 -0.052868616 0.031246474 -0.041964766 0.002189843 0.348761559 0.123289675 0.929064214
1548265885.614860 -0.052250687 0.027967287 -0.037286803 0.000331170 0.353246957 0.125781521 0.927035868
1548265885.648370 -0.057173297 0.023289189 -0.027928267 -0.000892201 0.358184516 0.126925245 0.924982727
1548265885.681670 -0.060905058 0.024109785 -0.022579873 -0.001255887 0.362132072 0.127901971 0.923309207
1548265885.715190 -0.077800013 0.011678880 -0.011453630 -0.003024964 0.368041962 0.128612727 0.920866311
1548265885.748850 -0.075360350 0.015359802 -0.013733029 -0.002722681 0.370661825 0.130008548 0.919619560
1548265885.782220 -0.078112915 0.008673521 -0.009248622 -0.004301350 0.376241326 0.132161453 0.917037249
1548265885.815880 -0.076487750 0.008190870 -0.009474887 -0.004444589 0.380358040 0.134604171 0.914980769
1548265885.849400 -0.079536438 0.006631474 -0.001637811 -0.004535362 0.386032343 0.137285799 0.912201226
1548265885.882880 -0.073161751 0.014705615 0.002121568 -0.002326851 0.389111400 0.140429735 0.910421014
1548265885.916400 -0.077963918 0.014167856 0.006672164 -0.001071183 0.393249214 0.143415481 0.908177257
1548265885.949930 -0.080325216 0.003619031 0.009309886 -0.000970215 0.397482395 0.148484945 0.905515909
1548265885.983450 -0.081116445 0.010862101 0.018938433 0.001436554 0.400989741 0.150944963 0.903560102
1548265886.016980 -0.093669191 -0.006150738 0.025391724 0.000700015 0.405330390 0.154247940 0.901062906
1548265886.050490 -0.099514589 -0.009025643 0.033585995 0.001671117 0.408882707 0.156906024 0.898995399
1548265886.084010 -0.101177379 -0.014739425 0.038197383 0.002163458 0.411128998 0.160575360 0.897320330
1548265886.117600 -0.102685928 -0.019348769 0.046062253 0.003046948 0.412859142 0.163647830 0.895967364
1548265886.151160 -0.099879846 -0.018502960 0.048358135 0.005795706 0.413026631 0.166255504 0.895396352
1548265886.184730 -0.099692293 -0.017052256 0.045372404 0.008154265 0.412418395 0.167513952 0.895423710
1548265886.218240 -0.106871784 -0.012845810 0.053921781 0.010674800 0.415543497 0.168588087 0.893749237
1548265886.251770 -0.103053272 -0.017527267 0.048846088 0.012005947 0.413905561 0.171029061 0.894028604
1548265886.285280 -0.101947382 -0.024341468 0.046488591 0.012480387 0.415236622 0.172416523 0.893137991
1548265886.318790 -0.102752253 -0.031199198 0.048162088 0.014183158 0.417387366 0.173948377 0.891811967
1548265886.352310 -0.108984783 -0.033137042 0.052149683 0.016806401 0.419174135 0.174409717 0.890837729
1548265886.385830 -0.108619072 -0.037099406 0.050763547 0.018361052 0.419874460 0.174704656 0.890419424
1548265886.419490 -0.111393109 -0.039876085 0.051237904 0.020837458 0.421399474 0.175129831 0.889560461
1548265886.453000 -0.117199562 -0.040337902 0.052353926 0.023928905 0.423107922 0.174767822 0.888742566
1548265886.486520 -0.114767969 -0.021771636 0.039780498 0.027830597 0.424721539 0.173462301 0.888114870
1548265886.520030 -0.130857185 -0.040373035 0.056801401 0.027379025 0.433805704 0.176004365 0.883224487
1548265886.553550 -0.136670843 -0.057194278 0.060106520 0.027773863 0.437221706 0.176969111 0.881332934
1548265886.586910 -0.144401640 -0.058814198 0.059279002 0.029069565 0.443057239 0.176567957 0.878452599
1548265886.620090 -0.153705686 -0.058628619 0.079549491 0.032484606 0.451472670 0.179560840 0.873427212
1548265886.653600 -0.160940811 -0.062979907 0.072071224 0.034300417 0.453473628 0.181644708 0.871888936
1548265886.687120 -0.170202836 -0.060508072 0.079517767 0.035710000 0.461875528 0.182030052 0.867329717
1548265886.720630 -0.156051844 -0.065048680 0.076822102 0.037301499 0.463888466 0.186608493 0.865212917
1548265886.754150 -0.179937005 -0.069929279 0.087840602 0.038081568 0.470118552 0.186701059 0.861789465
1548265886.787670 -0.173498392 -0.065964393 0.084635153 0.037495859 0.475147754 0.188392878 0.858683228
1548265886.821180 -0.185312152 -0.069708720 0.090681300 0.037496243 0.480324507 0.190525532 0.855325937
1548265886.854700 -0.189991727 -0.072623491 0.098851666 0.036338050 0.485877723 0.191704497 0.851969421
1548265886.888210 -0.209380686 -0.086636461 0.122205161 0.033463351 0.496312946 0.194657981 0.845376849
1548265886.921730 -0.215011656 -0.087381341 0.129806757 0.033535488 0.501227915 0.196580023 0.842022717
1548265886.955230 -0.223996371 -0.082117498 0.133325413 0.033286415 0.507349789 0.196521506 0.838371933
1548265886.988750 -0.232497022 -0.090502664 0.144565552 0.031810150 0.514436185 0.199314907 0.833436906
1548265887.022280 -0.231742322 -0.097524218 0.139442205 0.030638754 0.516683578 0.201033413 0.831676006
1548265887.055800 -0.239468411 -0.094980210 0.147294134 0.030716358 0.521926522 0.200439692 0.828536749
1548265887.089320 -0.249775052 -0.101501510 0.154808953 0.030296588 0.527069449 0.202004418 0.824908614
1548265887.122870 -0.257696748 -0.104336083 0.158461809 0.030318351 0.530222774 0.202129051 0.822853863
1548265887.156400 -0.264112324 -0.109112352 0.166546181 0.030594243 0.534970164 0.204058781 0.819286823
1548265887.189910 -0.270022303 -0.106836557 0.165855631 0.032758854 0.535734236 0.204765737 0.818527162
1548265887.223460 -0.277509391 -0.086315997 0.174608216 0.035298783 0.539468169 0.204780519 0.815961421
1548265887.257080 -0.283765197 -0.092847764 0.187399834 0.036657810 0.542495430 0.208396435 0.812973499
1548265887.290490 -0.288500756 -0.087209240 0.186049342 0.038512569 0.542405427 0.209457040 0.812675238
1548265887.324010 -0.291042328 -0.080542393 0.185781732 0.039260034 0.544699967 0.210770577 0.810762823
1548265887.357520 -0.296024084 -0.091718026 0.196418494 0.038141403 0.547645509 0.214165181 0.807937443
1548265887.391040 -0.299669266 -0.088512458 0.200278819 0.038621720 0.547495067 0.215730190 0.807600081
1548265887.424660 -0.295104504 -0.086879537 0.192133456 0.036810674 0.546937466 0.216692597 0.807804883
1548265887.458180 -0.295179307 -0.089713350 0.195281446 0.035256498 0.548416317 0.218150288 0.806478143
1548265887.491690 -0.289173752 -0.096775785 0.191878363 0.033918113 0.548262477 0.218933016 0.806427956
1548265887.525210 -0.293919444 -0.094809376 0.197736949 0.033579856 0.550361037 0.217087418 0.805511117
1548265887.558720 -0.295863986 -0.104447097 0.207882851 0.032520209 0.553780496 0.217365503 0.803132594
1548265887.592200 -0.297217697 -0.099143147 0.209406450 0.033672817 0.554388523 0.216258466 0.802964389
1548265887.625650 -0.297918856 -0.101763271 0.212700486 0.033067111 0.556403041 0.215646043 0.801759958
1548265887.659100 -0.302143276 -0.106742263 0.227841616 0.033125546 0.560385704 0.216860801 0.798650086
1548265887.692610 -0.308215439 -0.110241227 0.244389951 0.034458838 0.562528491 0.218484461 0.796642244
1548265887.726110 -0.299815297 -0.107919775 0.236711428 0.035456158 0.561303794 0.220069870 0.797025859
1548265887.759600 -0.297008127 -0.108936049 0.240298659 0.035043318 0.563375950 0.222008571 0.795041978
1548265887.793080 -0.291370779 -0.118556477 0.248848274 0.034666240 0.566171646 0.226006418 0.791940033
1548265887.826460 -0.286790818 -0.112237014 0.248791754 0.035706453 0.566170692 0.226849988 0.791653335
1548265887.859920 -0.281715900 -0.116053201 0.255903333 0.034750246 0.568542778 0.229603931 0.789198041
1548265887.893440 -0.278009444 -0.122607991 0.261103392 0.034224629 0.569915950 0.231964856 0.787538469
1548265887.926950 -0.270873517 -0.120167479 0.266361952 0.034074668 0.571414113 0.233661577 0.785956144
1548265887.960470 -0.257196128 -0.126993686 0.264565557 0.032989215 0.573065519 0.236834109 0.783847749
1548265887.993980 -0.253861040 -0.136395603 0.277576268 0.033144981 0.576533139 0.239419013 0.780505896
1548265888.027500 -0.247197181 -0.136953473 0.286200970 0.033367101 0.578649282 0.240383506 0.778631747
1548265888.061020 -0.240850776 -0.139104635 0.296864450 0.033958029 0.580746233 0.242321700 0.776441157
1548265888.094560 -0.231289208 -0.143235505 0.296952963 0.033607312 0.581939578 0.243737102 0.775118768
1548265888.128110 -0.224467367 -0.137087032 0.304902375 0.033547960 0.586098671 0.244579092 0.771714866
1548265888.161670 -0.216098338 -0.127933860 0.313703835 0.033544526 0.591253400 0.245423540 0.767503440
1548265888.195670 -0.201418340 -0.146176919 0.319843203 0.031438470 0.595489979 0.249654129 0.762939155
1548265888.229180 -0.188084811 -0.142653435 0.319697946 0.032177079 0.597004354 0.250857025 0.761328578
1548265888.262700 -0.178668529 -0.147063807 0.322844893 0.031628799 0.601057649 0.252248973 0.757693708
1548265888.296210 -0.160238206 -0.160410345 0.320881605 0.030885939 0.602841139 0.255577058 0.755188048
1548265888.329730 -0.156619012 -0.154905781 0.330842257 0.032161988 0.606274903 0.254381031 0.752785921
1548265888.363320 -0.155604452 -0.152676523 0.350224644 0.033181760 0.612578332 0.253737360 0.747839630
1548265888.397010 -0.137092590 -0.168469369 0.342874795 0.032068823 0.613938510 0.257032514 0.745644271
1548265888.430530 -0.130802661 -0.163776726 0.346393377 0.033481367 0.616252303 0.256260097 0.743937492
1548265888.464040 -0.133832216 -0.148199737 0.371698976 0.035139591 0.623499930 0.253727794 0.738671303
1548265888.497380 -0.116999090 -0.176945150 0.362368792 0.032058347 0.624795556 0.259273559 0.735785306
1548265888.530830 -0.109704345 -0.173744991 0.365512937 0.032953255 0.626291156 0.258557349 0.734725475
1548265888.564200 -0.112488896 -0.156285569 0.375434041 0.034836784 0.630935788 0.256090790 0.731521666
1548265888.597340 -0.102526248 -0.164147645 0.380117446 0.033635378 0.635119617 0.258153945 0.727219582
1548265888.630850 -0.091447294 -0.169553638 0.377403826 0.032458793 0.638150096 0.259694248 0.724064767
1548265888.664370 -0.077555388 -0.164760500 0.380580515 0.032333128 0.641754270 0.259378582 0.720991552
1548265888.697880 -0.072281957 -0.159632683 0.396456242 0.032474406 0.647380948 0.258755088 0.716162860
1548265888.731560 -0.060804069 -0.163453192 0.392262936 0.031181395 0.651252449 0.260501474 0.712065279
1548265888.765210 -0.055390626 -0.156142607 0.403405547 0.031856284 0.656979918 0.260311157 0.706824362
1548265888.798810 -0.056874096 -0.135239422 0.427177697 0.032573316 0.665879548 0.257515103 0.699449360
1548265888.832330 -0.034152687 -0.170409560 0.413402349 0.026629280 0.670943737 0.266462386 0.691464603
1548265888.865760 -0.017643064 -0.174697146 0.397033572 0.026204407 0.672250748 0.271358728 0.688299835
1548265888.899140 -0.036150277 -0.144532859 0.427777469 0.028185029 0.681833684 0.267536193 0.680244684
1548265888.932500 -0.019143403 -0.164569691 0.436293155 0.026395692 0.688533604 0.275776386 0.670203030
1548265888.966010 -0.003465533 -0.177821279 0.420750439 0.024605492 0.690908492 0.282385409 0.665055275
1548265888.999530 -0.004296720 -0.148473620 0.437457383 0.026733674 0.698701203 0.280387104 0.657635927
1548265889.033040 0.002248168 -0.145742983 0.466051847 0.027754392 0.708939314 0.283760399 0.645069599
1548265889.066720 0.010706842 -0.149392918 0.470365822 0.027237484 0.715982378 0.288267344 0.635239542
1548265889.100280 0.007974088 -0.141238540 0.450541228 0.027307652 0.721386790 0.292688519 0.627047718
1548265889.133880 0.019787490 -0.157645628 0.457486331 0.026279574 0.729484379 0.299428344 0.614414036
1548265889.167490 0.037317753 -0.168095201 0.459692121 0.026007857 0.735028982 0.304166645 0.605424345
1548265889.200830 0.035198689 -0.168878436 0.454014957 0.026830485 0.739151061 0.305782437 0.599527240
1548265889.234310 0.047084093 -0.168413326 0.436834246 0.028118894 0.742530465 0.307910055 0.594179571
1548265889.267630 0.039646387 -0.169489548 0.440232515 0.029979853 0.747739077 0.306679964 0.588162303
1548265889.301080 0.031381130 -0.161394656 0.443368196 0.033204634 0.753483653 0.305074275 0.581454635
1548265889.334590 0.029447973 -0.151385367 0.450006962 0.036765367 0.759346545 0.302883029 0.574719965
1548265889.368180 0.088064790 -0.248537987 0.475530028 0.025626788 0.768019795 0.312182307 0.558597445
1548265889.401890 0.071543097 -0.208518416 0.472391903 0.035237711 0.771385550 0.310160309 0.554547906
1548265889.435440 0.097914815 -0.240968451 0.508862495 0.034936495 0.776980102 0.312565237 0.545329571
1548265889.468960 0.092574894 -0.235471323 0.518839002 0.036420040 0.779801905 0.310750782 0.542232931
1548265889.502470 0.099203169 -0.234656364 0.513766706 0.037074637 0.780244529 0.312222451 0.540704250
1548265889.535990 0.105341136 -0.233279109 0.519794106 0.035983149 0.781959891 0.311607689 0.538650692
1548265889.569470 0.108580709 -0.235092655 0.515953898 0.034629460 0.783359826 0.312555075 0.536150515
1548265889.602790 0.114707887 -0.235466331 0.516115606 0.031462643 0.785013139 0.311614364 0.534472585
1548265889.636240 0.116891325 -0.239141911 0.504320920 0.027061472 0.786835611 0.312185526 0.531693280
1548265889.669650 0.139059722 -0.251782507 0.495346010 0.020569393 0.788839698 0.314200044 0.527813673
1548265889.703150 0.147273839 -0.254573137 0.491753578 0.017625628 0.789790750 0.315034956 0.525996923
1548265889.736660 0.160886347 -0.257674336 0.508626819 0.013894031 0.793559194 0.314686656 0.520617962
1548265889.770170 0.168255627 -0.253997236 0.498826563 0.012579308 0.793866396 0.315951258 0.519415736
1548265889.803680 0.186702073 -0.260254413 0.512169003 0.009182462 0.796738505 0.316463023 0.514756739
1548265889.837200 0.194512963 -0.257680237 0.504262924 0.007144650 0.797943413 0.318270802 0.511799753
1548265889.870680 0.209403753 -0.260404438 0.500420868 0.005774111 0.798749447 0.321257532 0.508684278
1548265889.904200 0.233106554 -0.272564292 0.504151344 0.001617004 0.801143110 0.323533922 0.503480852
1548265889.937710 0.250734031 -0.282467306 0.503950000 -0.000376896 0.803717196 0.327583134 0.496717155
1548265889.971260 0.260335743 -0.264046490 0.496828735 0.003845557 0.803820014 0.329658657 0.495160341
1548265890.004790 0.280599594 -0.288448632 0.495640308 -0.004343675 0.806307733 0.329784214 0.491010547
1548265890.038340 0.297537565 -0.287973076 0.510862708 -0.004558900 0.812693298 0.331836969 0.478949964
1548265890.071860 0.300392151 -0.266127288 0.504183233 0.001092058 0.814749300 0.333584696 0.474240035
1548265890.105380 0.305948615 -0.256227672 0.491136879 0.000322537 0.816076219 0.333711386 0.471864581
1548265890.138920 0.328808546 -0.266855508 0.492764682 -0.003051955 0.819857001 0.336834788 0.462998360
1548265890.172490 0.312864363 -0.215804949 0.483088553 0.002825594 0.822829545 0.333275139 0.460294724
1548265890.206090 0.337128580 -0.238513842 0.499840200 -0.000454707 0.828319371 0.337814718 0.446954131
1548265890.239610 0.347576618 -0.230979502 0.497947782 -0.002161232 0.833004773 0.338731140 0.437446684
1548265890.273280 0.385986447 -0.243047595 0.533533454 -0.001967033 0.840310752 0.342887759 0.419883370
1548265890.307030 0.392064571 -0.238839224 0.516881287 -0.001807078 0.841572464 0.345961154 0.414805382
1548265890.340580 0.401405990 -0.236716405 0.515978515 -0.002228509 0.844285905 0.348090112 0.407442749
1548265890.374130 0.420137942 -0.237539351 0.516597688 -0.004115396 0.847747684 0.350638241 0.397944450
1548265890.407670 0.425275147 -0.221118718 0.512169003 -0.002644331 0.851143837 0.351348758 0.390001684
1548265890.441260 0.428778529 -0.212636232 0.483712554 -0.001598150 0.851655543 0.354764134 0.385775417
1548265890.474700 0.442920446 -0.226462662 0.472994357 -0.003507236 0.853139877 0.359455973 0.378062814
1548265890.508220 0.451565325 -0.215097547 0.472349554 -0.002634375 0.855978012 0.361024559 0.370075643
1548265890.541740 0.463473499 -0.212230742 0.483538151 -0.002720169 0.859539092 0.362631857 0.360115707
1548265890.575280 0.462392330 -0.209366471 0.477458268 -0.004748248 0.861694276 0.364691645 0.352789551
1548265890.608840 0.498578370 -0.216707289 0.461524755 -0.008555461 0.863635719 0.370348483 0.341909498
1548265890.642360 0.508478165 -0.211273134 0.455510944 -0.008902503 0.865505755 0.372238427 0.335051030
1548265890.675870 0.520099342 -0.215773925 0.451546997 -0.014278798 0.868316293 0.373226970 0.326381177
1548265890.709400 0.520719647 -0.209747434 0.431500077 -0.014689690 0.869732320 0.376676261 0.318535596
1548265890.742920 0.525032163 -0.226204276 0.461608499 -0.016496241 0.874132633 0.379737645 0.302356362
1548265890.776420 0.645045280 -0.318095714 0.468523800 -0.036960244 0.877290964 0.393198252 0.272744805
1548265890.809910 0.595280468 -0.289947569 0.458361685 -0.034485076 0.879578054 0.391914487 0.267500073
1548265890.843410 0.596166193 -0.251144618 0.418548524 -0.032013971 0.880640030 0.393893957 0.261334687
1548265890.876930 0.597876251 -0.243029580 0.392627239 -0.032671466 0.880899966 0.398124129 0.253860116
1548265890.910430 0.590660691 -0.180090353 0.400695205 -0.023149146 0.885355115 0.394672483 0.244630486
1548265890.943930 0.588431060 -0.167600811 0.394889235 -0.020299355 0.887243390 0.396729618 0.234505326
1548265890.977410 0.605480134 -0.164265215 0.389366627 -0.018699817 0.889056265 0.399894536 0.222066775
1548265891.010920 0.615520477 -0.163367093 0.383092284 -0.017449385 0.890760005 0.401886970 0.211492524
1548265891.044310 0.617306411 -0.141852736 0.383890241 -0.010736870 0.892906010 0.402965784 0.200554729
1548265891.077790 0.623192728 -0.142791152 0.383171260 -0.009430415 0.893951416 0.404132754 0.193490818
1548265891.111210 0.708518267 -0.147940218 0.442524672 -0.014161084 0.900295556 0.401388347 0.167793751
1548265891.144720 0.718991756 -0.148198828 0.433911145 -0.011230210 0.900031567 0.403865308 0.163431481
1548265891.178180 0.718528569 -0.154520914 0.417465866 -0.014399242 0.899436355 0.405004054 0.163642034
1548265891.211530 0.730736017 -0.150214076 0.419453204 -0.014647217 0.900858402 0.405227482 0.155017063
1548265891.245000 0.741079509 -0.148950875 0.421800971 -0.012613819 0.901891112 0.404488295 0.151071265
1548265891.278480 0.733812988 -0.152310744 0.403654575 -0.014917557 0.901644826 0.404960871 0.151065454
1548265891.312000 0.753673315 -0.143505871 0.415784001 -0.014109518 0.903695226 0.403698623 0.141997784
1548265891.345540 0.757423162 -0.136937916 0.411028683 -0.014039526 0.904256225 0.402863383 0.140800014
1548265891.379110 0.755550683 -0.149958074 0.378630221 -0.015609155 0.902301610 0.408462793 0.136990190
1548265891.412580 0.790393531 -0.138707310 0.378772974 -0.014209695 0.903532863 0.409260809 0.126222715
1548265891.446060 0.767341197 -0.133778378 0.367667139 -0.012007624 0.903327823 0.408744931 0.129546210
1548265891.479570 0.778387845 -0.145940050 0.348685801 -0.015007993 0.902248681 0.412839800 0.123634361
1548265891.513080 0.788711309 -0.139021650 0.344916195 -0.012993187 0.902291894 0.414069444 0.119360790
1548265891.546610 0.790171802 -0.136115372 0.337190449 -0.013401713 0.901810288 0.415302813 0.118668489
1548265891.580130 0.786295772 -0.127561092 0.335763425 -0.013792428 0.902193785 0.415983826 0.113197558
1548265891.613670 0.804017782 -0.114954554 0.340715110 -0.007908338 0.902096808 0.418417037 0.105290152
1548265891.647190 0.807074308 -0.110488653 0.331860363 -0.006331081 0.900909245 0.419646978 0.110539325
1548265891.680700 0.817868710 -0.106459655 0.313042104 -0.009394730 0.899936378 0.421326041 0.111850671
1548265891.714190 0.818925083 -0.089135863 0.302298307 -0.002422335 0.898597896 0.423259676 0.115616590
1548265891.747690 0.812277198 -0.088608883 0.281360686 -0.002627447 0.896406293 0.424964726 0.125911847
1548265891.781220 0.817353666 -0.079593047 0.274132490 -0.001600707 0.895531416 0.425926924 0.128869057
1548265891.814810 0.820519447 -0.058065519 0.289256036 0.005149387 0.895876706 0.423734844 0.133518845
1548265891.848320 0.829397023 -0.057238117 0.263574511 0.001238281 0.893406093 0.425941706 0.142820776
1548265891.881840 0.822340369 -0.053315952 0.223689482 -0.000905463 0.889750361 0.429766655 0.153766647
1548265891.915370 0.826084852 -0.047940362 0.219467252 -0.001748285 0.888815939 0.430015087 0.158398882
1548265891.948950 0.841752172 -0.037746683 0.209504500 -0.004153403 0.887709200 0.430547714 0.163045645
1548265891.982480 0.842896700 -0.028185308 0.192903489 -0.006216721 0.886465907 0.431474447 0.167240486
1548265892.016020 0.861447394 -0.021617197 0.184447616 -0.008236912 0.885819614 0.432251602 0.168565840
1548265892.049560 0.860586524 -0.017336920 0.172113329 -0.011045170 0.884725034 0.432196677 0.174200282
1548265892.083090 0.874655724 -0.007707492 0.159556180 -0.011855304 0.884305835 0.433035374 0.174192443
1548265892.116610 0.882253349 -0.006687507 0.146502614 -0.015307682 0.883160770 0.433449239 0.178646371
1548265892.150120 0.888686180 0.001758933 0.136915475 -0.017047115 0.883191705 0.433455765 0.178319767
1548265892.183650 0.900504589 0.012047574 0.130180806 -0.017158104 0.883104563 0.433207691 0.179340541
1548265892.217160 0.892936826 0.013023496 0.104743749 -0.018850803 0.880829275 0.435243756 0.185330406
1548265892.250680 0.897338331 0.026934266 0.101570725 -0.017494701 0.881260455 0.434792846 0.184469983
1548265892.284700 0.906584442 0.037346885 0.096045971 -0.015747551 0.880735934 0.434586138 0.187592894
1548265892.318240 0.912646651 0.036346018 0.077111632 -0.018487019 0.879306555 0.435544640 0.191778749
1548265892.351750 0.918985486 0.049478695 0.078092754 -0.015569055 0.880165517 0.434128702 0.191307515
1548265892.385270 0.922386765 0.057134509 0.071485937 -0.013911627 0.879395783 0.433241099 0.196905226
1548265892.418790 0.926721990 0.056152940 0.058341622 -0.016011996 0.878077269 0.434032053 0.200848743
1548265892.452280 0.929954052 0.071072161 0.058479071 -0.012647811 0.878235579 0.432821751 0.202996671
1548265892.485800 0.935844481 0.072625995 0.048341155 -0.013515833 0.876583278 0.433404148 0.208758160
1548265892.519220 0.933643639 0.077283919 0.044435740 -0.013479208 0.875651538 0.433652043 0.212128818
