1.000000000 0.000000000 0.000000000 0.000000000 0.000000000 1.000000000 0.000000000 0.000000000 0.000000000 0.000000000 1.000000000 0.000000000
0.999840021 0.010120806 -0.014747407 0.007241253 -0.010046278 0.999936461 0.005118937 -0.007769447 0.014798278 -0.004969962 0.999878168 -0.002471224
0.999252379 0.016579051 -0.034925565 0.111837476 -0.015986823 0.999724805 0.017168453 -0.042489387 0.035200588 -0.016597269 0.999242425 -0.030517295
0.999629200 0.024938574 0.010934887 0.001298407 -0.025028249 0.999653578 0.008142125 -0.002611245 -0.010728046 -0.008412786 0.999907076 -0.006250556
0.999432385 0.033666678 -0.001222770 0.035761613 -0.033647090 0.999342203 0.013529451 -0.007279916 0.001677457 -0.013480629 0.999907732 -0.005996045
0.999223351 0.036097258 0.015802572 0.042245358 -0.036437482 0.999098122 0.021799034 -0.013411044 -0.015001435 -0.022357909 0.999637485 -0.022554286
0.998762429 0.034245249 0.036067873 -0.022765420 -0.034846839 0.999261618 0.016184768 0.023864398 -0.035486989 -0.017421590 0.999218285 -0.003409481
0.999334574 0.034227729 0.012605480 0.025955861 -0.034609668 0.998906136 0.031442814 -0.002846115 -0.011515475 -0.031858161 0.999426067 -0.012678478
0.999354124 0.029582892 0.020401886 0.006268626 -0.030279696 0.998937726 0.034735564 0.005333852 -0.019352635 -0.035330888 0.999188244 -0.006524652
0.999723136 0.019874617 0.012594783 0.015260072 -0.020381272 0.998932064 0.041464362 0.007856750 -0.011757244 -0.041709583 0.999060571 -0.006857586
0.999877036 0.012423077 0.009567838 0.019057471 -0.012849241 0.998865724 0.045849014 0.007856558 -0.008987401 -0.045966316 0.998902559 -0.005593009
0.999977410 0.005423923 0.003976540 0.026440445 -0.005613695 0.998764455 0.049376089 0.010079064 -0.003703815 -0.049397293 0.998772323 -0.009888067
0.999999821 0.000328112 0.000533392 0.034762695 -0.000356027 0.998583496 0.053206366 0.004537406 -0.000515179 -0.053206544 0.998583376 -0.012186600
0.999994993 -0.002971634 0.001073766 0.031922583 0.002913398 0.998710692 0.050680373 0.006968924 -0.001222985 -0.050676990 0.998714328 -0.016973343
0.999996126 -0.002447821 -0.001333738 0.033383284 0.002508381 0.998869300 0.047473986 0.005663922 0.001216022 -0.047477145 0.998871565 -0.022169994
0.999992967 -0.000560839 -0.003704195 0.051656533 0.000722563 0.999039888 0.043803658 0.001216019 0.003676072 -0.043806028 0.999033272 -0.035577536
0.999979615 0.001227879 0.006269026 0.031163447 -0.001444484 0.999397933 0.034664806 0.016315032 -0.006222687 -0.034673151 0.999379337 -0.041702926
0.999983251 0.004857093 0.003150661 0.037874818 -0.004953906 0.999491930 0.031484865 0.015571796 -0.002996136 -0.031499945 0.999499261 -0.050886568
0.999947429 0.008462438 0.005794337 0.040417194 -0.008618237 0.999587059 0.027412990 0.022174267 -0.005559963 -0.027461486 0.999607384 -0.060678396
0.999895751 0.010977148 0.009382925 0.032584328 -0.011215878 0.999604702 0.025780868 0.027842704 -0.009096215 -0.025883418 0.999623597 -0.068336785
0.999882817 0.012782525 0.008422432 0.036496636 -0.012991631 0.999596536 0.025258878 0.031831104 -0.008096162 -0.025365340 0.999645472 -0.075265899
0.999860525 0.012213425 0.011390375 0.024393193 -0.012484084 0.999633968 0.024001710 0.038487934 -0.011093063 -0.024140563 0.999647021 -0.078009650
0.999894857 0.013031919 0.006357211 0.034237862 -0.013189421 0.999590456 0.025396761 0.039411977 -0.006023639 -0.025477938 0.999657214 -0.086086437
0.999873877 0.013931881 0.007622360 0.042015489 -0.014145627 0.999486625 0.028746288 0.036238890 -0.007217957 -0.028850485 0.999557674 -0.091761455
0.999825597 0.012710131 0.013684773 0.028680321 -0.013089187 0.999522924 0.027975393 0.042148683 -0.013322673 -0.028149636 0.999514937 -0.095263377
0.999882758 0.013350339 0.007498320 0.039040513 -0.013573376 0.999441803 0.030526480 0.034553897 -0.007086596 -0.030624678 0.999505818 -0.100686945
0.999880016 0.013775756 0.007079819 0.052629080 -0.013995898 0.999388337 0.032047320 0.027149217 -0.006634013 -0.032142561 0.999461293 -0.107264742
0.999814034 0.010106324 0.016422879 0.038448613 -0.010553914 0.999568820 0.027399933 0.035173584 -0.016138885 -0.027568163 0.999489665 -0.108561650
0.999849200 0.009167972 0.014748689 0.038013369 -0.009532901 0.999645352 0.024866207 0.034495279 -0.014515486 -0.025003055 0.999581993 -0.111329578
0.999920547 0.008122571 0.009637167 0.069431968 -0.008357123 0.999663591 0.024552900 0.027155798 -0.009434492 -0.024631489 0.999652088 -0.124745913
0.999755383 0.005094451 0.021523597 0.053230956 -0.005524752 0.999785125 0.019980112 0.034758363 -0.021417184 -0.020094136 0.999568701 -0.123912416
0.999723077 0.003754417 0.023229985 0.065273963 -0.004203671 0.999804497 0.019320877 0.031591911 -0.023152905 -0.019413179 0.999543428 -0.129496366
0.999549270 -0.000588995 0.030015556 0.089496240 0.000038349 0.999831736 0.018342631 0.029611154 -0.030021312 -0.018333213 0.999381125 -0.138251826
0.998552620 -0.001475763 0.053763222 0.052838054 0.000692609 0.999893427 0.014582437 0.033397011 -0.053779010 -0.014524094 0.998447239 -0.130764499
0.998361766 -0.004183002 0.057063993 0.077133976 0.003418933 0.999903262 0.013480761 0.024736537 -0.057114866 -0.013263579 0.998279512 -0.139457449
0.996905446 -0.007346916 0.078265622 0.059635859 0.006878935 0.999956846 0.006247332 0.032837830 -0.078308135 -0.005689615 0.996912956 -0.137326911
0.996184707 -0.010704974 0.086610653 0.068948746 0.010500789 0.999940932 0.002812777 0.027868075 -0.086635642 -0.001892565 0.996238291 -0.144080877
0.995848060 -0.013993297 0.089949004 0.112560593 0.014000202 0.999901831 0.000554195 0.019100666 -0.089947931 0.000707410 0.995946229 -0.150193170
0.992100477 -0.016166050 0.124399856 0.060199317 0.017401565 0.999809384 -0.008851546 0.035786264 -0.124233052 0.010946375 0.992192686 -0.143486917
0.990730584 -0.020766946 0.134244576 0.065758236 0.022502182 0.999681532 -0.011421439 0.030187730 -0.133964643 0.014336365 0.990882397 -0.147696197
0.989117444 -0.026948076 0.144639328 0.063666739 0.029457778 0.999449849 -0.015237560 0.031577908 -0.144149140 0.019332489 0.989367127 -0.143970951
0.988322198 -0.030822875 0.149228826 0.073138639 0.033733379 0.999286056 -0.017011305 0.025841847 -0.148597941 0.021846643 0.988656342 -0.147374243
0.986353159 -0.034424148 0.161004409 0.058701433 0.038550250 0.999001682 -0.022573156 0.030713769 -0.160066620 0.028471863 0.986695528 -0.141260013
0.986015439 -0.037031550 0.162487522 0.068086252 0.041773450 0.998792291 -0.025863154 0.026991785 -0.161333546 0.032289132 0.986371577 -0.140976474
0.985296249 -0.039884564 0.166134194 0.102066062 0.044969391 0.998624623 -0.026956923 0.017677769 -0.164830521 0.034031507 0.985734642 -0.146648929
0.980590343 -0.040911283 0.191752180 0.056154098 0.048347924 0.998242676 -0.034263566 0.026213456 -0.190013453 0.042869344 0.980845094 -0.137035742
0.980131269 -0.040296193 0.194213584 0.059174906 0.048696350 0.998064697 -0.038671918 0.025925485 -0.192279384 0.047361046 0.980196714 -0.136217505
0.978572786 -0.039811775 0.202015609 0.062986702 0.049463324 0.997851908 -0.042953141 0.032512102 -0.199871629 0.052025139 0.978439927 -0.135317013
0.976360679 -0.039316013 0.212541968 0.042554457 0.049892358 0.997757077 -0.044626970 0.032120675 -0.210310698 0.054176237 0.976132333 -0.128201768
0.977389932 -0.038626079 0.207886815 0.080418065 0.048658330 0.997873843 -0.043361146 0.024155486 -0.205769956 0.052496169 0.977191329 -0.134358227
0.972956657 -0.038311817 0.227788329 0.049103513 0.049884632 0.997728705 -0.045264762 0.029259050 -0.225536793 0.055403788 0.972657979 -0.127645537
0.972525239 -0.037724692 0.229720488 0.042809378 0.050151292 0.997563481 -0.048496425 0.035316516 -0.227331266 0.058684774 0.972047627 -0.119331688
0.973581493 -0.038763560 0.225025550 0.079877310 0.050654002 0.997595191 -0.047307767 0.031247325 -0.222650573 0.057456411 0.973203719 -0.124654181
0.968866050 -0.036805291 0.244834632 0.046042822 0.050645713 0.997440398 -0.050474185 0.044243205 -0.242350250 0.061302546 0.968250155 -0.117919140
0.968240380 -0.036691107 0.247314274 0.045467418 0.049850844 0.997642696 -0.047158547 0.036371019 -0.245000988 0.057989635 0.967787027 -0.114665344
0.966513872 -0.035808034 0.254103810 0.054984588 0.048204519 0.997923255 -0.042725321 0.035368789 -0.252046198 0.053543564 0.966232777 -0.112415053
0.963221729 -0.034081101 0.266537756 0.039579742 0.047151566 0.997970760 -0.042791188 0.051939040 -0.264538497 0.053785071 0.962874115 -0.108280607
0.963768959 -0.035093728 0.264419705 0.068381295 0.045930814 0.998334348 -0.034911986 0.040006552 -0.262754112 0.045792099 0.963775575 -0.110679276
0.958631635 -0.034887999 0.282503456 0.068661004 0.044383511 0.998642027 -0.027280435 0.029868606 -0.281168073 0.038690381 0.958878279 -0.108308300
0.953173816 -0.035313591 0.300354242 0.037204046 0.044729233 0.998697996 -0.024528109 0.026554823 -0.299097002 0.036814164 0.953512311 -0.097045809
0.952404499 -0.036265992 0.302672237 0.055411335 0.045037113 0.998741984 -0.022047553 0.023381401 -0.301491886 0.034629673 0.952839673 -0.102692246
0.946996689 -0.039465569 0.318809927 0.061305746 0.047146179 0.998753250 -0.016407613 0.014783066 -0.317764938 0.030568622 0.947676659 -0.100955844
0.940520525 -0.042998683 0.337004900 0.043526225 0.051310364 0.998557925 -0.015791398 0.016180374 -0.335839868 0.032143977 0.941370487 -0.090553239
0.935922801 -0.049492367 0.348710448 0.051027171 0.058466621 0.998172879 -0.015251352 0.018151475 -0.347318500 0.034662008 0.937106431 -0.089057632
0.931558609 -0.057123438 0.359075785 0.051570877 0.067423150 0.997592688 -0.016215783 0.021579338 -0.357285082 0.039315976 0.933167517 -0.087513082
0.926983356 -0.064386047 0.369535208 0.056702215 0.074706309 0.997111857 -0.013669660 0.013430319 -0.367587805 0.040278159 0.929116189 -0.085202105
0.919959784 -0.074460357 0.384876192 0.061695021 0.086465657 0.996157110 -0.013954384 0.014876710 -0.382358074 0.046116047 0.922862709 -0.083289824
0.912324250 -0.084282182 0.400700599 0.056088321 0.097420476 0.995164931 -0.012489097 0.010945000 -0.397710592 0.050430551 0.916123927 -0.082608685
0.906613410 -0.092567168 0.411683619 0.064994074 0.107358806 0.994136691 -0.012894662 0.010629693 -0.408076167 0.055888340 0.911235571 -0.080269739
0.900068521 -0.103604890 0.423252553 0.085753113 0.118861742 0.992863119 -0.009729963 0.007951477 -0.419223815 0.059066165 0.905959487 -0.098010413
0.890540004 -0.115584821 0.439975768 0.092936583 0.132724360 0.991118491 -0.008268856 0.014752559 -0.435112387 0.065759249 0.897971570 -0.102937944
0.876425624 -0.124909781 0.465054482 0.052057914 0.141530186 0.989933610 -0.000834953 0.001686655 -0.460268766 0.066551015 0.885281682 -0.089313842
0.865021825 -0.133718282 0.483587265 0.029074259 0.152444720 0.988311827 0.000594173 0.009589861 -0.478014469 0.073206350 0.875295937 -0.079691134
0.857474029 -0.142024413 0.494537592 0.025209609 0.161473200 0.986871123 0.003438994 0.014353493 -0.488533258 0.076905712 0.869149446 -0.080884874
0.850275278 -0.148536295 0.504944503 0.018796565 0.167952508 0.985769093 0.007162385 0.014861319 -0.498822540 0.078716688 0.863122106 -0.079097964
0.841632783 -0.153330117 0.517826378 -0.000153409 0.173490822 0.984788477 0.009621300 0.021440176 -0.511424720 0.081740521 0.855431616 -0.076773085
0.841878116 -0.158026069 0.516012609 0.028663957 0.178496331 0.983888805 0.010092661 0.035010073 -0.509293973 0.083609566 0.856521487 -0.073164821
0.836642981 -0.160640493 0.523663282 0.021299794 0.179433033 0.983654678 0.015073396 0.038639806 -0.517525196 0.081351429 0.851791978 -0.069827430
0.833657563 -0.163073286 0.527657330 0.029921792 0.179557905 0.983538449 0.020276492 0.043298226 -0.522277772 0.077841371 0.849215329 -0.077540286
0.824171603 -0.167894825 0.540881276 0.015235309 0.181401715 0.982989669 0.028717469 0.037092686 -0.536502242 0.074448645 0.840608597 -0.069469459
0.817088246 -0.174630940 0.549427748 0.004378829 0.186482102 0.981843889 0.034741577 0.029583579 -0.545519233 0.074071482 0.834818661 -0.067874841
0.812570691 -0.179645151 0.554487526 0.007046639 0.190627158 0.980909407 0.038445547 0.027421743 -0.550808609 0.074460663 0.831303477 -0.072981872
0.803964972 -0.185009748 0.565165222 -0.005397575 0.196604580 0.979624867 0.041009195 0.030414654 -0.561237037 0.078144111 0.823957801 -0.066058546
0.796276927 -0.190636516 0.574108720 -0.023461342 0.201983571 0.978367090 0.044726074 0.024120271 -0.570215464 0.080346182 0.817556620 -0.057584338
0.796591759 -0.192238882 0.573136747 -0.009363708 0.206137970 0.977646291 0.041410416 0.040055327 -0.568285763 0.085158050 0.818412781 -0.070630305
0.785702527 -0.196942165 0.586417317 -0.025386957 0.209192947 0.976708651 0.047733389 0.033546500 -0.582159638 0.085170127 0.808601379 -0.064816058
0.777366996 -0.202155992 0.595679045 -0.036353555 0.214008972 0.975459516 0.051758546 0.031793486 -0.591524124 0.087245286 0.801553190 -0.057648402
0.777370989 -0.206806883 0.594075143 -0.006680501 0.219565645 0.974219918 0.051830869 0.043941308 -0.589478791 0.090146676 0.802737951 -0.080015659
0.763703227 -0.211131856 0.610066175 -0.020559452 0.222377583 0.973208308 0.058427744 0.042866357 -0.606057405 0.091043569 0.790193319 -0.069012471
0.753808439 -0.217364356 0.620101273 -0.028798843 0.224485174 0.972111464 0.067865632 0.027163174 -0.617559135 0.088045858 0.781580865 -0.064080358
0.748064518 -0.218745485 0.626538098 -0.019499129 0.227368578 0.971452892 0.067696705 0.045088019 -0.623460591 0.091813534 0.776445270 -0.071819164
0.735198915 -0.224455371 0.639611125 -0.040255725 0.228724137 0.970391214 0.077628069 0.030794820 -0.638097048 0.089222409 0.764768958 -0.053694762
0.729099393 -0.228460729 0.645150959 -0.040517814 0.230894178 0.969485521 0.082375385 0.030523643 -0.644284070 0.088901736 0.759601593 -0.057382446
0.721592188 -0.233870849 0.651620448 -0.039919116 0.233715639 0.968250692 0.088699244 0.027245471 -0.651676118 0.088289194 0.753341377 -0.052701276
0.711806595 -0.235600874 0.661682367 -0.057196442 0.232904390 0.967936397 0.094099209 0.017547142 -0.662636280 0.087128296 0.743856013 -0.038458634
0.705627680 -0.237251103 0.667683661 -0.060933392 0.234000027 0.967438996 0.096466452 0.018378081 -0.668829978 0.088168591 0.738168478 -0.033115469
0.701094568 -0.239947453 0.671484649 -0.057585128 0.236165509 0.966671884 0.098849766 0.017235551 -0.672824085 0.089278467 0.734395742 -0.033332046
0.696530759 -0.242002785 0.675484657 -0.055128925 0.238627404 0.965948343 0.100003570 0.020921599 -0.676684499 0.091533586 0.730561256 -0.035585247
0.687133431 -0.246499389 0.683436692 -0.057914205 0.240702748 0.964796185 0.105974331 0.014225591 -0.685499728 0.091686562 0.722276807 -0.031135691
0.679646254 -0.250590324 0.689409494 -0.056287270 0.244495988 0.963484108 0.109178975 0.013743687 -0.691594243 0.094354764 0.716096759 -0.031350613
0.669552922 -0.254880875 0.697663784 -0.059395075 0.248535022 0.962016404 0.112937242 0.012167567 -0.699949503 0.097776368 0.707467675 -0.023540139
0.663059831 -0.258481085 0.702523410 -0.053050600 0.255467951 0.960284710 0.112202466 0.020235015 -0.703624666 0.105075270 0.702759862 -0.019715808
0.654930651 -0.262349337 0.708688080 -0.057887070 0.261239082 0.958585620 0.113436125 0.019687029 -0.709098041 0.110844187 0.696343005 -0.015202910
0.645317376 -0.270736188 0.714330077 -0.060266357 0.269737691 0.955613792 0.118506603 0.009132364 -0.714707732 0.116207354 0.689701915 -0.012604997
0.633967400 -0.274863034 0.722866237 -0.077084437 0.273756415 0.953948021 0.122640081 -0.001980684 -0.723286092 0.120139472 0.680017471 0.004204901
0.629905403 -0.280617267 0.724205196 -0.071639366 0.282116920 0.951426387 0.123279564 -0.002243962 -0.723622262 0.126656070 0.678475499 -0.001542293
0.622496605 -0.284001857 0.729274273 -0.077553526 0.287055045 0.949745119 0.124834500 -0.005156522 -0.728077888 0.131632745 0.672737241 0.006589103
0.616491854 -0.289685994 0.732133806 -0.079246223 0.293521613 0.947385252 0.127695978 -0.010887990 -0.730604470 0.136173546 0.669084430 0.011167550
0.611651421 -0.294058442 0.734446883 -0.080816947 0.299324512 0.945360124 0.129224956 -0.015524691 -0.732316494 0.140797317 0.666249752 0.019004118
0.609629631 -0.296331257 0.735213995 -0.078033909 0.306071371 0.943564355 0.126517490 -0.014679937 -0.731212735 0.147899106 0.665923238 0.021328269
0.609767318 -0.296700150 0.734950840 -0.077822074 0.310267121 0.942642212 0.123125710 -0.013219668 -0.729327142 0.152953044 0.666848779 0.018348807
0.603893697 -0.295970678 0.740076900 -0.085088894 0.313769519 0.941807210 0.120614335 -0.009054868 -0.732708097 0.159375325 0.661617994 0.026844658
0.604911447 -0.299394011 0.737865388 -0.081213787 0.319287658 0.940069795 0.119683743 -0.013712537 -0.729477584 0.163193256 0.664251745 0.021789996
0.601758838 -0.301161945 0.739721477 -0.080071539 0.321885049 0.939082325 0.120475993 -0.020517081 -0.730942190 0.165607736 0.662040591 0.019421995
0.597127557 -0.302005500 0.743122756 -0.080876879 0.325631708 0.937913179 0.119510889 -0.027381629 -0.733077586 0.170621067 0.658396363 0.021067070
0.593824148 -0.300289541 0.746457636 -0.087141573 0.328361899 0.937415600 0.115889862 -0.029345034 -0.734541595 0.176290050 0.655263662 0.024991278
0.592442632 -0.299368978 0.747923791 -0.086754553 0.330068350 0.937092364 0.113634363 -0.033302329 -0.734892309 0.179544106 0.653985739 0.023596458
0.589583814 -0.297729552 0.750831604 -0.089526810 0.332665086 0.936588168 0.110165924 -0.036086373 -0.736019611 0.184823394 0.651241481 0.024036838
0.586959600 -0.294165343 0.754284501 -0.095342249 0.334420651 0.936554790 0.105014138 -0.036564037 -0.737320304 0.190609246 0.648094773 0.025098030
0.578344464 -0.289102733 0.762848198 -0.108859003 0.333490908 0.937182188 0.102339260 -0.034382600 -0.744514287 0.195215613 0.638427258 0.033414789
0.560970008 -0.291779608 0.774711132 -0.124880396 0.336301357 0.935448349 0.108801551 -0.053037100 -0.756448388 0.199501961 0.622884333 0.050441563
0.564152241 -0.292812675 0.772005796 -0.105039179 0.341263860 0.934094846 0.104908600 -0.049004998 -0.751845241 0.204273239 0.626898050 0.027144717
0.548560321 -0.285418451 0.785886765 -0.130856842 0.339283347 0.935053706 0.102768235 -0.045532610 -0.764178276 0.210263699 0.609771132 0.045577973
0.531413436 -0.285351098 0.797605515 -0.140253782 0.346347928 0.932452619 0.102835797 -0.045434516 -0.773073673 0.221600652 0.594348669 0.065806225
0.540435076 -0.289735287 0.789926231 -0.107114255 0.352117449 0.930554032 0.100411542 -0.042920072 -0.764161766 0.223880887 0.604924917 0.015787663
0.525000811 -0.286994725 0.801254153 -0.116539069 0.353086561 0.930038869 0.101772316 -0.040484488 -0.774405599 0.229481518 0.589605093 0.023039322
0.517922044 -0.292698950 0.803793609 -0.102335334 0.361870199 0.926389873 0.104171999 -0.045023646 -0.775117338 0.236915946 0.585716724 0.020634253
0.506381392 -0.290462077 0.811917365 -0.126466870 0.362008154 0.926178873 0.105559573 -0.049946643 -0.782641709 0.240467235 0.574149370 0.031082280
0.495739222 -0.292432308 0.817756653 -0.119954042 0.363627911 0.924986422 0.110339992 -0.045968913 -0.788680792 0.242659271 0.564888597 0.028047200
0.470712841 -0.293271929 0.832118452 -0.170459583 0.363867372 0.923724234 0.119724952 -0.069529608 -0.803759992 0.246424615 0.541520953 0.072056420
0.459125161 -0.294716328 0.838061094 -0.175188512 0.363875300 0.922990024 0.125236630 -0.072463781 -0.810431242 0.247450441 0.531007946 0.080191314
0.446036637 -0.300576627 0.843033254 -0.173832148 0.366857111 0.920558512 0.134118825 -0.074752823 -0.816374481 0.249450803 0.520871520 0.073233917
0.434812903 -0.302171975 0.848310053 -0.179596856 0.369212598 0.919024527 0.138115838 -0.075539723 -0.821352422 0.253152192 0.511169434 0.080730356
0.422631383 -0.300510824 0.855029821 -0.188644230 0.367870331 0.919095159 0.141193300 -0.070296809 -0.828283906 0.254867345 0.498987496 0.084117219
0.406068265 -0.304324210 0.861681759 -0.197340295 0.369574726 0.917059720 0.149719894 -0.078744031 -0.835776985 0.257659286 0.484859347 0.095159709
0.400098979 -0.307558209 0.863324344 -0.196492612 0.370674759 0.915826023 0.154476389 -0.085737824 -0.838165343 0.258206666 0.480425119 0.090012930
0.389783859 -0.304935694 0.868955016 -0.204357639 0.368857980 0.916286170 0.156088024 -0.083237693 -0.843808293 0.259680361 0.469631493 0.097740091
0.377820849 -0.306238294 0.873767495 -0.214793906 0.369881392 0.915062726 0.160773158 -0.089801461 -0.848786950 0.262446851 0.459001601 0.105035797
0.371106684 -0.305422664 0.876924694 -0.222778231 0.369485199 0.914952457 0.162304431 -0.092657313 -0.851915896 0.263778418 0.452394128 0.108532272
0.357390523 -0.301038295 0.884108603 -0.240393430 0.370308846 0.914714694 0.161766618 -0.084806874 -0.857405007 0.269579381 0.438387513 0.129449427
0.355184615 -0.299583942 0.885490417 -0.246283486 0.373529524 0.913830101 0.159343213 -0.082500279 -0.856924415 0.274160564 0.436481833 0.128693581
0.347668707 -0.303318381 0.887200356 -0.245462686 0.375499129 0.912075877 0.164675429 -0.089050911 -0.859143138 0.275890499 0.430996001 0.124385305
0.338128626 -0.306397796 0.889825523 -0.251916170 0.381819189 0.908864975 0.167864650 -0.095633976 -0.860164583 0.282992601 0.424301803 0.137051821
0.337405026 -0.306058288 0.890217125 -0.256643832 0.385418713 0.907689929 0.165986270 -0.090004832 -0.858842552 0.287101626 0.424219668 0.135636032
0.331327438 -0.306451201 0.892361999 -0.259199023 0.387725174 0.906459510 0.167333007 -0.083344281 -0.860169411 0.290549159 0.419153750 0.135342985
0.322031796 -0.311780661 0.893917441 -0.264329255 0.391004950 0.903725445 0.174342856 -0.094561905 -0.862212658 0.293382227 0.412936091 0.145864293
0.320991874 -0.313686043 0.893624842 -0.268048257 0.393897504 0.902294576 0.175240546 -0.091376692 -0.861283362 0.295745760 0.413189352 0.149670735
0.321381509 -0.317315668 0.892202199 -0.263350606 0.393517703 0.901731074 0.178955033 -0.089709453 -0.861311734 0.293584496 0.414669037 0.141608238
0.316899896 -0.320678145 0.892602980 -0.263470948 0.393689841 0.900679111 0.183808297 -0.092551917 -0.862892210 0.293159872 0.411672831 0.144747019
0.316557467 -0.323372096 0.891752183 -0.257388890 0.393451661 0.900176227 0.186757952 -0.099588782 -0.863126457 0.291741699 0.412188768 0.141427696
0.313611388 -0.320203155 0.893933892 -0.262238681 0.389845759 0.901844561 0.186270401 -0.097651005 -0.865833759 0.290079832 0.407658637 0.147210047
0.305880308 -0.320559621 0.896481395 -0.264328063 0.388303339 0.901742220 0.189951316 -0.107321128 -0.869285822 0.290004313 0.400299549 0.157296211
0.305500329 -0.317408770 0.897731245 -0.265722126 0.387769908 0.902556002 0.187155515 -0.102025002 -0.869657576 0.290937036 0.398812652 0.158810556
0.301597476 -0.316431344 0.899394333 -0.266471744 0.385723591 0.903170824 0.188413799 -0.104655832 -0.871926725 0.290092498 0.394449115 0.162085354
0.291697383 -0.316748857 0.902542412 -0.270938307 0.386631846 0.902103603 0.191637307 -0.109686852 -0.874887645 0.293051541 0.385606468 0.177139536
0.285470903 -0.316898972 0.904478550 -0.277280301 0.389974147 0.900496840 0.192420512 -0.113246650 -0.875457883 0.297792763 0.380648017 0.193573251
0.286787450 -0.318602681 0.903463066 -0.268757761 0.393702388 0.898954570 0.192039311 -0.110881753 -0.873356521 0.300621063 0.383243501 0.186044380
0.280426741 -0.321164310 0.904552102 -0.266008914 0.395579159 0.897285640 0.195947975 -0.111899897 -0.874573112 0.302872837 0.378668785 0.189676046
0.270531058 -0.326423526 0.905682445 -0.260490596 0.400277972 0.893728614 0.202550486 -0.121527702 -0.875551581 0.307728499 0.372441471 0.198294744
0.264885366 -0.320369065 0.909505010 -0.270423770 0.400876820 0.894412875 0.198301077 -0.105470911 -0.877002597 0.312072456 0.365345418 0.223318368
0.257002950 -0.324547082 0.910284936 -0.265422076 0.403205961 0.892035007 0.204202235 -0.109308124 -0.878279269 0.314551711 0.360114932 0.230470493
0.252406895 -0.328192592 0.910263777 -0.257083297 0.407848418 0.889160752 0.207491726 -0.110494114 -0.877468109 0.318877369 0.358283162 0.232847363
0.247415245 -0.330220252 0.910900891 -0.249997661 0.409722954 0.887594342 0.210483834 -0.108088240 -0.878016531 0.321140081 0.354903162 0.238189250
0.240659535 -0.335370332 0.910829186 -0.236313254 0.412592620 0.884751618 0.216753140 -0.114928529 -0.878550172 0.323637664 0.351295233 0.236502618
0.230243504 -0.337465376 0.912745833 -0.233126134 0.415475816 0.882251799 0.221385643 -0.124392867 -0.879981637 0.328251272 0.343341470 0.249505088
0.222499132 -0.336096674 0.915168464 -0.231582731 0.415826052 0.881749272 0.222726256 -0.123692214 -0.881806672 0.330994457 0.335946202 0.266918719
0.218914628 -0.340614945 0.914362073 -0.216835529 0.420457393 0.878557146 0.226611972 -0.129088402 -0.880506754 0.334841549 0.335543036 0.262546092
0.214769006 -0.342515051 0.914635420 -0.207277030 0.421687245 0.877220690 0.229485869 -0.133223340 -0.880939484 0.336403549 0.332834005 0.262728482
0.204260945 -0.341978371 0.917239547 -0.200550318 0.421554744 0.876391530 0.232872367 -0.127120763 -0.883498311 0.339099884 0.323175132 0.270793676
0.187766373 -0.338981748 0.921865046 -0.199095249 0.419145048 0.876463711 0.236915216 -0.119127840 -0.888291180 0.341910422 0.306652904 0.294940650
0.173538446 -0.345452398 0.922251105 -0.184480041 0.421154827 0.872542500 0.247584760 -0.137404099 -0.890232086 0.345444977 0.296908617 0.301135838
0.171211243 -0.349102020 0.921311259 -0.165778607 0.424126685 0.870152771 0.250899851 -0.141090780 -0.889271140 0.347795844 0.297043383 0.283229768
0.160122931 -0.349815130 0.923033118 -0.156393081 0.424004078 0.868810773 0.255711675 -0.145498291 -0.891392946 0.350424469 0.287439525 0.286471337
0.152442336 -0.354397923 0.922585249 -0.137918711 0.426970929 0.865502000 0.261920124 -0.158807531 -0.891323328 0.353989333 0.283256769 0.284675360
0.145381272 -0.349636734 0.925536990 -0.134427100 0.425697029 0.866560519 0.260489851 -0.153336048 -0.893110633 0.356127888 0.274820924 0.294699669
0.130708814 -0.344546854 0.929624975 -0.133646518 0.423860490 0.867075443 0.261767775 -0.151180759 -0.896246254 0.359815985 0.259374201 0.314101130
0.123998642 -0.349652290 0.928637624 -0.115022689 0.426372290 0.863835037 0.268320292 -0.166915178 -0.896008492 0.362673908 0.256196380 0.306910604
0.119107485 -0.345763981 0.930731416 -0.108782619 0.426229715 0.864440382 0.266591638 -0.162226200 -0.896739602 0.364952236 0.250336111 0.310521752
0.101753354 -0.333943456 0.937085032 -0.119395494 0.421240181 0.867821395 0.263520002 -0.143491596 -0.901223183 0.367923737 0.228974104 0.345707923
0.092079997 -0.344269186 0.934344769 -0.097300708 0.424827665 0.862229109 0.275830477 -0.170300275 -0.900579214 0.371536940 0.225649118 0.339860409
0.089082956 -0.341459334 0.935665548 -0.090030611 0.424444735 0.862849832 0.274475545 -0.167113006 -0.901061118 0.372687131 0.221795797 0.343074143
0.079958677 -0.333525419 0.939344347 -0.092890859 0.421871245 0.865125060 0.271262497 -0.149688780 -0.903123319 0.374592453 0.209878922 0.353035569
0.067252338 -0.335579216 0.939608395 -0.082967252 0.421440721 0.863158286 0.278110653 -0.157569766 -0.904358923 0.377285570 0.199476123 0.357769698
0.056757808 -0.336481780 0.939978004 -0.075561374 0.419484466 0.862396717 0.283380866 -0.164479136 -0.905986428 0.378222048 0.190096617 0.360794872
0.044802785 -0.335135639 0.941104114 -0.067890853 0.417757213 0.862011015 0.287081838 -0.164369643 -0.907453477 0.380290926 0.178625762 0.368248910
0.030952811 -0.331199646 0.943053007 -0.062686771 0.414892614 0.862639070 0.289340675 -0.159273207 -0.909343839 0.382309735 0.164113343 0.384157568
0.019088387 -0.333005220 0.942731798 -0.051187575 0.413812906 0.860982537 0.295749724 -0.163068846 -0.910161793 0.384469211 0.154236674 0.380000651
0.004446149 -0.328886896 0.944358945 -0.050194979 0.410931736 0.861547649 0.298111916 -0.158149958 -0.911655307 0.386741579 0.138980627 0.389184028
-0.016184807 -0.319623768 0.947406471 -0.051804811 0.404678047 0.864361763 0.298520476 -0.137277007 -0.914316118 0.388226002 0.115355134 0.412974477
-0.042373896 -0.333506525 0.941795051 -0.036158323 0.404778302 0.856083035 0.321366400 -0.172981456 -0.913432539 0.394835740 0.098720670 0.410044372
-0.051155925 -0.339059889 0.939372897 -0.019640982 0.409322441 0.850852966 0.329399943 -0.177246571 -0.910954595 0.401357174 0.095258653 0.393677711
-0.075879335 -0.325377196 0.942534864 -0.036347359 0.402584761 0.854792833 0.327497661 -0.146586955 -0.912232339 0.404300511 0.066130817 0.435563356
-0.096636772 -0.336033702 0.936879277 -0.012927085 0.406930268 0.845681667 0.345297366 -0.165450871 -0.908333182 0.414612919 0.055018365 0.423586696
-0.110584736 -0.344360620 0.932301879 0.002833873 0.410515159 0.838469028 0.358395100 -0.178668454 -0.905123353 0.422357082 0.048643351 0.408098936
-0.147516131 -0.336134076 0.930189729 0.002911747 0.402867675 0.838503420 0.366891861 -0.177257851 -0.903292179 0.428865850 0.011724710 0.466542095
-0.164626956 -0.331652313 0.928926587 0.000597358 0.405658752 0.835676312 0.370251328 -0.154574633 -0.899076700 0.437780529 -0.003037214 0.452363849
-0.189871550 -0.332161576 0.923914373 0.009055018 0.405351132 0.830565929 0.381904125 -0.158195063 -0.894225657 0.447022378 -0.023058772 0.456704646
-0.209514976 -0.334471107 0.918821275 0.003271282 0.404552460 0.825828075 0.392868012 -0.153271660 -0.890191376 0.454023153 -0.037712216 0.433186114
-0.236815214 -0.334124357 0.912293494 0.022516906 0.406475872 0.818798661 0.405396193 -0.157585233 -0.882437408 0.466829330 -0.058090448 0.433763385
-0.258827686 -0.334658116 0.906097233 0.040037751 0.406699389 0.813102365 0.416485518 -0.168020397 -0.876130044 0.476307184 -0.074348092 0.436106712
-0.272986889 -0.331621200 0.903053641 0.037965775 0.406465560 0.811044395 0.420705140 -0.168802932 -0.871931314 0.481907070 -0.086611986 0.430412263
-0.285652041 -0.328834593 0.900150537 0.049989760 0.407804847 0.808290958 0.424689353 -0.168319404 -0.867236018 0.488399029 -0.096789718 0.413328588
-0.299693704 -0.320633560 0.898542047 0.042525470 0.405714124 0.809592485 0.424212217 -0.169403762 -0.863469601 0.491684914 -0.112544179 0.416665971
-0.315018296 -0.309486002 0.897208035 0.034228027 0.404921025 0.811157286 0.421975046 -0.161317691 -0.858372152 0.496228129 -0.130212069 0.419738263
-0.348963976 -0.312208176 0.883600712 0.077563584 0.395782053 0.805560231 0.440941393 -0.217071325 -0.849459052 0.503585935 -0.157545090 0.455380052
-0.359912395 -0.307787091 0.880755603 0.079322577 0.391528696 0.807044744 0.442022681 -0.220884472 -0.846858084 0.503930449 -0.169957876 0.441732079
-0.384519100 -0.302604675 0.872109771 0.097582698 0.391979754 0.801818728 0.451041639 -0.243086502 -0.835761309 0.515283525 -0.189699769 0.461478084
-0.385407805 -0.298514724 0.873126566 0.097837865 0.395963788 0.801175773 0.448698223 -0.243433267 -0.833470881 0.518658221 -0.190578341 0.452011228
-0.391983509 -0.292110741 0.872364998 0.092280626 0.394561708 0.803231478 0.446251512 -0.237954915 -0.831065893 0.519124866 -0.199597836 0.461878866
-0.395250797 -0.291764379 0.871005535 0.099014997 0.396250486 0.801297665 0.448227257 -0.237126827 -0.828711510 0.522298455 -0.201101780 0.456950605
-0.399852276 -0.291374564 0.869033515 0.105021238 0.392720997 0.802226126 0.449670434 -0.235752374 -0.828183949 0.521089375 -0.206343055 0.463109940
-0.405449271 -0.292866617 0.865933299 0.108344257 0.390151292 0.801232278 0.453661621 -0.237557620 -0.826676011 0.521781623 -0.210596800 0.459337443
-0.409427643 -0.295586079 0.863132477 0.114466667 0.383237273 0.802828074 0.456723332 -0.237925857 -0.827948093 0.517779768 -0.215420365 0.459629595
-0.426621914 -0.307710439 0.850475430 0.142631710 0.368825585 0.799410403 0.474247575 -0.271142155 -0.825809836 0.516001344 -0.227554560 0.466321111
-0.428574562 -0.305869728 0.850157559 0.134170413 0.366254896 0.801360428 0.472946942 -0.247636020 -0.825942814 0.514067292 -0.231416464 0.454907358
-0.432636976 -0.310198545 0.846523702 0.142434835 0.361387730 0.800544143 0.478046000 -0.250434816 -0.825968802 0.512743533 -0.234243035 0.451438218
-0.444180608 -0.312200040 0.839782715 0.155778110 0.351862341 0.801225364 0.483974010 -0.253587514 -0.823951960 0.510459661 -0.246037364 0.468515754
-0.446765661 -0.314850688 0.837418497 0.163305044 0.350343585 0.799703121 0.487580061 -0.249906793 -0.823201120 0.511218131 -0.246973991 0.458837390
-0.456597447 -0.317759246 0.830992222 0.181531370 0.342598945 0.799210370 0.493850976 -0.256217837 -0.821063280 0.510188103 -0.256053448 0.472453952
-0.470886469 -0.319470227 0.822316825 0.203893125 0.337329447 0.796088099 0.502446592 -0.260448366 -0.815153420 0.513986886 -0.267100453 0.486563832
-0.477301478 -0.322723746 0.817332566 0.218815446 0.336191237 0.792292595 0.509163857 -0.263140678 -0.811885893 0.517804742 -0.269665599 0.482823521
-0.480775356 -0.321556896 0.815755069 0.222950220 0.333178252 0.793559968 0.509170771 -0.249552339 -0.811077893 0.516588569 -0.274388313 0.478502512
-0.501729131 -0.328063399 0.800401270 0.255781472 0.324604362 0.786269963 0.525748551 -0.278174818 -0.801810324 0.523597181 -0.288003683 0.493816435
-0.497985601 -0.316868752 0.807220399 0.246353865 0.339446694 0.785347581 0.517692149 -0.237263098 -0.797989070 0.531811416 -0.283531785 0.472074568
-0.506325006 -0.327381879 0.797782183 0.266356707 0.323740393 0.785300374 0.527726769 -0.261886925 -0.799266815 0.525475502 -0.291630626 0.471048534
-0.529916763 -0.321903408 0.784580648 0.283147097 0.317587554 0.782507539 0.535555899 -0.261621743 -0.786337554 0.532972991 -0.312431455 0.486438572
-0.538942099 -0.311367631 0.782682538 0.286309540 0.325394630 0.780088544 0.534397066 -0.239799306 -0.776955605 0.542689621 -0.319105268 0.479822278
-0.543489695 -0.311160922 0.779614151 0.292104840 0.322723329 0.779918790 0.536261499 -0.229942888 -0.774899304 0.543052137 -0.323459029 0.466847181
-0.560227871 -0.313757569 0.766616642 0.314828157 0.314338952 0.775733113 0.547201216 -0.240826309 -0.766378462 0.547534764 -0.335961103 0.468684614
-0.565227985 -0.298969269 0.768853009 0.299547732 0.318941891 0.780340075 0.537908435 -0.189587682 -0.760784924 0.549260259 -0.345716238 0.458931118
-0.589708328 -0.299686670 0.749954879 0.323391616 0.308952272 0.774257421 0.552335024 -0.212589055 -0.746185601 0.557416677 -0.363997221 0.475886673
-0.626648068 -0.304809093 0.717219412 0.390112579 0.286245704 0.765974164 0.575627446 -0.254638195 -0.724828064 0.566016793 -0.392745972 0.514939606
-0.637613535 -0.300020635 0.709532738 0.397447705 0.290104926 0.759724379 0.581943333 -0.242982894 -0.713644385 0.576893866 -0.397373199 0.490000010
-0.646197438 -0.298907250 0.702198982 0.403756022 0.289365560 0.755440116 0.587858677 -0.238628834 -0.706184506 0.583064914 -0.401669979 0.473471314
-0.658436179 -0.296339571 0.691841662 0.413107455 0.285191596 0.752439916 0.593717039 -0.236491159 -0.696511090 0.588232100 -0.410920143 0.472718537
-0.673871636 -0.295040876 0.677383304 0.431829453 0.277279526 0.748811722 0.601994336 -0.237304524 -0.684845448 0.593491375 -0.422794223 0.473594934
-0.686572075 -0.287616313 0.667754471 0.437013566 0.274629712 0.747799397 0.604462326 -0.220842883 -0.673199594 0.598392069 -0.434430242 0.469378084
-0.693245173 -0.285597116 0.661699414 0.440910637 0.276005417 0.742927313 0.609819710 -0.212117031 -0.665757298 0.605386913 -0.436204433 0.441046834
-0.705151916 -0.287036061 0.648360670 0.455214500 0.270719409 0.736140370 0.620329320 -0.225840926 -0.655341327 0.612950027 -0.441384554 0.430412471
-0.717280746 -0.281055659 0.637586296 0.463857353 0.267500490 0.733849764 0.624426186 -0.214464024 -0.643391073 0.618443429 -0.451193810 0.429985881
-0.732021332 -0.275261521 0.623198330 0.475604057 0.261166990 0.731482208 0.629861653 -0.211682618 -0.629235089 0.623830855 -0.463571429 0.441365212
-0.757609725 -0.280396700 0.589411020 0.523215890 0.238823339 0.721319437 0.650124371 -0.252957612 -0.607446313 0.633305609 -0.479513288 0.464212716
-0.764067531 -0.280435443 0.580996275 0.519878805 0.235105470 0.717609167 0.655562699 -0.238322541 -0.600771308 0.637489617 -0.482370019 0.433250040
-0.766661525 -0.263955951 0.585283816 0.502161145 0.243751764 0.723677278 0.645659447 -0.185630366 -0.593982279 0.637666345 -0.490475774 0.429381490
-0.778134465 -0.267555803 0.568261325 0.513775468 0.228648871 0.721990466 0.653031051 -0.190241590 -0.585001528 0.638078153 -0.500629425 0.425526142
-0.788403869 -0.264779985 0.555257797 0.514668286 0.224306554 0.716743827 0.660276294 -0.184166372 -0.572805524 0.645112276 -0.505691767 0.405504286
-0.834154963 -0.254492104 0.489305288 0.632210374 0.185365975 0.706205249 0.683310866 -0.239196584 -0.519447148 0.660687566 -0.541910410 0.490523636
-0.846448660 -0.249854326 0.470210582 0.634981275 0.174780220 0.703771412 0.688591123 -0.227189481 -0.502968252 0.665040374 -0.552036881 0.486596465
-0.852412462 -0.240770847 0.464136750 0.586166680 0.174461693 0.705832779 0.686559021 -0.197395384 -0.492906302 0.666205347 -0.559655428 0.476518720
-0.859149933 -0.232752085 0.455727845 0.588124156 0.175298333 0.702823341 0.689427197 -0.159023762 -0.480761796 0.672209680 -0.563029528 0.436327457
-0.860285044 -0.249857992 0.444387734 0.579998553 0.166760504 0.685803294 0.708424151 -0.182609409 -0.481768012 0.683553040 -0.548319936 0.363205254
-0.873842359 -0.243353128 0.420926571 0.596262515 0.156636596 0.678673029 0.717543006 -0.181651443 -0.460287869 0.692951798 -0.554935336 0.352899641
-0.884024143 -0.231438249 0.406125188 0.594088078 0.154332757 0.675593376 0.720940351 -0.169094309 -0.441228688 0.700007081 -0.561522365 0.347219735
-0.895773530 -0.220299840 0.386080563 0.611199260 0.148352921 0.670587182 0.726845443 -0.165672421 -0.419024587 0.708364904 -0.568012238 0.341947615
-0.905257821 -0.210589707 0.368998885 0.621314108 0.142659992 0.667422414 0.730886757 -0.164686367 -0.400195360 0.714282334 -0.574146628 0.335808039
-0.914947629 -0.190400660 0.355835259 0.623063505 0.145909369 0.666004598 0.731538355 -0.143181443 -0.376273334 0.721238911 -0.581578135 0.336890757
-0.923678994 -0.179280728 0.338638365 0.642382264 0.140231043 0.664303303 0.734191060 -0.146291107 -0.356584847 0.725644350 -0.588462353 0.348849595
-0.927689075 -0.170599952 0.332097054 0.634584308 0.141941562 0.661550045 0.736345112 -0.137590066 -0.345319271 0.730237782 -0.589497566 0.337688655
-0.931050301 -0.162930354 0.326495618 0.645368457 0.144331262 0.657362223 0.739623904 -0.137884825 -0.335133046 0.735750437 -0.588521481 0.329468489
-0.930771947 -0.169223607 0.324078918 0.645374596 0.139257878 0.655505300 0.742239892 -0.143744305 -0.338039935 0.735986531 -0.586560249 0.312846124
-0.936997652 -0.162875906 0.309042484 0.657600760 0.131596282 0.654916584 0.744155049 -0.139809012 -0.323601991 0.737940192 -0.592221498 0.315408289
-0.939838052 -0.155800968 0.304024339 0.667875409 0.131647974 0.656035244 0.743159890 -0.138877064 -0.315235734 0.738474011 -0.596056104 0.318175375
-0.939745784 -0.160103157 0.302068084 0.661223769 0.127686217 0.655255675 0.744537652 -0.141554981 -0.317134649 0.738245904 -0.595330834 0.299683064
-0.945884109 -0.150954410 0.287256509 0.680819690 0.121078975 0.657111287 0.744005859 -0.133597031 -0.301070482 0.738523901 -0.603273749 0.312788069
-0.948340893 -0.150877997 0.279079258 0.702427208 0.115304098 0.655601323 0.746251822 -0.135388523 -0.295557737 0.739880204 -0.604336619 0.306170940
-0.944435477 -0.145170346 0.294902563 0.624051332 0.131312206 0.655848980 0.743383646 -0.119789332 -0.301328838 0.740802050 -0.600344539 0.281626552
-0.958743572 -0.138054401 0.248500139 0.736226559 0.100508749 0.653076887 0.750592172 -0.128965527 -0.265912265 0.744601667 -0.612257719 0.304802954
-0.956678510 -0.139307469 0.255655140 0.715133846 0.105507478 0.652529716 0.750381947 -0.128647566 -0.271356374 0.744847894 -0.609563231 0.287991047
-0.960159779 -0.133864686 0.245303005 0.717752695 0.100880899 0.652571559 0.750981688 -0.120631680 -0.260607690 0.745808721 -0.613068581 0.286729187
-0.962593555 -0.127122805 0.239277050 0.728334963 0.101219803 0.650453269 0.752771556 -0.113916010 -0.251332968 0.748832643 -0.613254786 0.283328146
-0.962952018 -0.127662405 0.237540990 0.730073690 0.100210585 0.648376167 0.754696071 -0.110952228 -0.250362247 0.750540197 -0.611562014 0.275682122
-0.965843797 -0.124060981 0.227496862 0.726439595 0.095053129 0.647116184 0.756442726 -0.102291510 -0.241061926 0.752229750 -0.613220811 0.274259686
-0.969968081 -0.107633546 0.218121886 0.744311094 0.099461243 0.642845631 0.759511054 -0.090171129 -0.221967578 0.758396089 -0.612834454 0.279848248
-0.967355967 -0.109524205 0.228531614 0.747711957 0.107026353 0.640854716 0.760164797 -0.085672699 -0.229712024 0.759808958 -0.608212709 0.271136671
-0.966807246 -0.116718896 0.227289647 0.761663556 0.102922954 0.636294365 0.764549732 -0.086286090 -0.233860523 0.762565494 -0.603160977 0.250176042
-0.966520071 -0.103699327 0.234703630 0.768688023 0.115846992 0.639810681 0.759751201 -0.061016180 -0.228951573 0.761504292 -0.606376648 0.264036804
-0.962084770 -0.117399409 0.246191204 0.777201176 0.118106872 0.634292960 0.764017701 -0.072129183 -0.245852590 0.764126778 -0.596377969 0.239386380
-0.960439324 -0.118364230 0.252084404 0.782545865 0.122722879 0.632668018 0.764637351 -0.063130669 -0.249991462 0.765324116 -0.593113303 0.232331991
-0.957937360 -0.110253237 0.264953196 0.791350067 0.136841923 0.636042356 0.759423673 -0.040165771 -0.252250373 0.763737023 -0.594201446 0.246143952
-0.952457905 -0.125840127 0.277467877 0.800729990 0.138429046 0.632538676 0.762057960 -0.039249018 -0.271406621 0.764237702 -0.585046649 0.220644563
-0.946051598 -0.129616201 0.296962112 0.776002049 0.152288824 0.631092548 0.760611832 -0.029459268 -0.285998195 0.764801919 -0.577307224 0.202196926
-0.946114779 -0.140535325 0.291747093 0.814330876 0.142316580 0.628811657 0.764422536 -0.032820381 -0.290882349 0.764752030 -0.574927449 0.197043389
-0.941584945 -0.150029331 0.301511556 0.815377891 0.144671202 0.628280401 0.764417470 -0.022801436 -0.304118842 0.763383925 -0.569874406 0.184768707
-0.938660383 -0.157614782 0.306715429 0.816833258 0.144943461 0.626725733 0.765641153 -0.013197877 -0.312902808 0.763133347 -0.565437436 0.168216497
-0.937688828 -0.162608072 0.307080865 0.835558414 0.142780736 0.625380635 0.767145872 -0.006810874 -0.316786528 0.763189197 -0.563195109 0.160010725
-0.933572292 -0.172383830 0.314208359 0.834896803 0.142677203 0.625484943 0.767080069 -0.002479747 -0.328764826 0.760954976 -0.559340239 0.147681832
-0.933546424 -0.174119592 0.313326448 0.849226236 0.141540676 0.624012947 0.768488109 0.007032633 -0.329328626 0.761767805 -0.557900071 0.135331213
-0.930054426 -0.180692106 0.319921166 0.848876536 0.143430620 0.623084009 0.768891454 0.005124345 -0.338270396 0.760997176 -0.553585291 0.127463967
-0.931746364 -0.188584298 0.310297847 0.877198100 0.131450534 0.621412396 0.772377789 0.009397790 -0.338481247 0.760448992 -0.554209232 0.114504576
-0.930986524 -0.189564884 0.311976284 0.889143705 0.132057130 0.621843219 0.771927476 0.019645542 -0.340330690 0.759852767 -0.553894281 0.107933253
-0.928472161 -0.197244585 0.314696372 0.892344415 0.130047709 0.621019840 0.772930741 0.022109598 -0.347889125 0.758570313 -0.550948501 0.094056755
-0.929217935 -0.193954140 0.314541519 0.896793425 0.131508499 0.621895909 0.771978676 0.036010042 -0.345340550 0.758701146 -0.552370310 0.090903968
-0.926977754 -0.193493843 0.321361214 0.906091511 0.137236804 0.622370362 0.770598054 0.046401292 -0.349111646 0.758429527 -0.550369143 0.085426211
-0.923566580 -0.202272311 0.325747341 0.912252307 0.136460498 0.620533586 0.772215426 0.045382679 -0.358334988 0.757643759 -0.545502067 0.066524684
-0.924133658 -0.196206316 0.327841908 0.918614030 0.140615001 0.623181939 0.769331992 0.058501840 -0.355252951 0.757064998 -0.548313856 0.067536533
-0.919826150 -0.197765052 0.338835418 0.922067523 0.148053616 0.624822378 0.766601145 0.066148698 -0.363318861 0.755305350 -0.545448184 0.060946226
-0.916518927 -0.205150962 0.343374699 0.926469743 0.148127317 0.623340607 0.767792165 0.065154493 -0.371552676 0.754559219 -0.540915012 0.047825575
-0.914956570 -0.200611591 0.350156814 0.929733992 0.155400962 0.625621676 0.764492095 0.080066800 -0.372431666 0.753891647 -0.541241527 0.047976673
-0.910104036 -0.207319349 0.358788997 0.935681462 0.159138620 0.624581635 0.764573574 0.081605405 -0.382603914 0.752938628 -0.535441756 0.037869930
-0.909478664 -0.212512612 0.357333183 0.954667866 0.156488329 0.621298194 0.767789066 0.082679421 -0.385175288 0.754206240 -0.531801701 0.028671324
