# timestamp coverage_percent dynamic_pixels total_pixels
1548265882.499630 18.10 55618 307200
1548265882.533150 36.68 112691 307200
1548265882.566560 46.26 142112 307200
1548265882.600030 39.26 120615 307200
1548265882.633440 31.38 96388 307200
1548265882.665210 37.30 114574 307200
1548265882.698670 43.18 132651 307200
1548265882.732180 32.26 99099 307200
1548265882.765670 28.96 88953 307200
1548265882.799210 28.06 86190 307200
1548265882.832700 27.81 85440 307200
1548265882.866180 21.27 65347 307200
1548265882.899700 26.82 82405 307200
1548265882.933210 28.31 86965 307200
1548265882.966730 28.84 88611 307200
1548265883.000250 29.40 90322 307200
1548265883.033800 27.96 85881 307200
1548265883.067340 21.19 65093 307200
1548265883.100860 29.04 89204 307200
1548265883.134400 18.08 55527 307200
1548265883.167910 31.04 95340 307200
1548265883.201430 20.12 61796 307200
1548265883.234950 23.79 73097 307200
1548265883.268460 22.65 69590 307200
1548265883.301800 26.48 81333 307200
1548265883.335310 26.60 81700 307200
1548265883.368830 27.12 83309 307200
1548265883.402280 37.00 113674 307200
1548265883.435790 25.45 78184 307200
1548265883.469300 32.15 98772 307200
1548265883.502820 33.18 101932 307200
1548265883.536330 30.81 94653 307200
1548265883.569820 37.65 115650 307200
1548265883.603340 34.75 106737 307200
1548265883.636850 34.87 107111 307200
1548265883.670370 35.73 109770 307200
1548265883.703910 37.77 116041 307200
1548265883.737430 42.98 132029 307200
1548265883.770950 35.97 110511 307200
1548265883.804530 32.92 101116 307200
1548265883.838180 29.22 89778 307200
1548265883.871940 27.75 85241 307200
1548265883.905460 26.26 80671 307200
1548265883.939000 24.77 76105 307200
1548265883.972510 34.49 105953 307200
1548265884.006030 31.88 97928 307200
1548265884.039550 21.00 64520 307200
1548265884.073060 27.74 85222 307200
1548265884.106580 30.83 94711 307200
1548265884.140090 22.08 67833 307200
1548265884.173590 26.53 81493 307200
1548265884.206970 18.98 58293 307200
1548265884.240470 24.10 74050 307200
1548265884.273990 31.33 96246 307200
1548265884.307480 35.52 109130 307200
1548265884.340990 33.10 101675 307200
1548265884.374510 32.84 100881 307200
1548265884.408030 32.94 101204 307200
1548265884.441190 36.21 111234 307200
1548265884.474710 35.74 109778 307200
1548265884.508230 29.85 91692 307200
1548265884.541970 34.76 106770 307200
1548265884.575610 29.72 91285 307200
1548265884.609120 32.83 100845 307200
1548265884.642640 27.31 83900 307200
1548265884.676150 31.42 96515 307200
1548265884.709670 36.04 110708 307200
1548265884.743190 30.44 93526 307200
1548265884.776700 30.30 93083 307200
1548265884.810220 33.57 103134 307200
1548265884.843710 37.72 115861 307200
1548265884.877190 29.00 89078 307200
1548265884.910640 32.61 100166 307200
1548265884.944160 28.30 86931 307200
1548265884.977740 30.02 92233 307200
1548265885.011250 29.54 90740 307200
1548265885.044770 27.36 84036 307200
1548265885.078290 27.08 83197 307200
1548265885.111800 31.66 97273 307200
1548265885.145320 30.37 93297 307200
1548265885.178890 39.35 120874 307200
1548265885.212670 34.72 106665 307200
1548265885.245870 35.81 110016 307200
1548265885.279380 35.21 108174 307200
1548265885.312810 28.49 87517 307200
1548265885.346410 28.10 86325 307200
1548265885.380420 29.47 90546 307200
1548265885.413960 34.47 105901 307200
1548265885.447470 35.15 107994 307200
1548265885.480990 34.55 106138 307200
1548265885.514510 41.78 128347 307200
1548265885.548020 33.10 101683 307200
1548265885.581520 29.19 89671 307200
1548265885.614860 28.71 88189 307200
1548265885.648370 27.31 83882 307200
1548265885.681670 29.22 89763 307200
1548265885.715190 25.13 77203 307200
1548265885.748850 24.83 76285 307200
1548265885.782220 34.81 106924 307200
1548265885.815880 30.10 92469 307200
1548265885.849400 29.02 89139 307200
1548265885.882880 32.51 99880 307200
1548265885.916400 27.78 85343 307200
1548265885.949930 28.64 87986 307200
1548265885.983450 29.78 91476 307200
1548265886.016980 30.98 95183 307200
1548265886.050490 31.14 95674 307200
1548265886.084010 27.65 84950 307200
1548265886.117600 24.31 74667 307200
1548265886.151160 26.07 80094 307200
1548265886.184730 24.99 76759 307200
1548265886.218240 25.35 77861 307200
1548265886.251770 25.36 77893 307200
1548265886.285280 21.96 67473 307200
1548265886.318790 28.95 88922 307200
1548265886.352310 24.25 74485 307200
1548265886.385830 21.55 66203 307200
1548265886.419490 31.37 96359 307200
1548265886.453000 26.37 81019 307200
1548265886.486520 32.57 100064 307200
1548265886.520030 29.79 91528 307200
1548265886.553550 25.92 79636 307200
1548265886.586910 35.29 108424 307200
1548265886.620090 31.88 97942 307200
1548265886.653600 25.85 79423 307200
1548265886.687120 30.86 94805 307200
1548265886.720630 25.49 78309 307200
1548265886.754150 25.00 76793 307200
1548265886.787670 33.07 101581 307200
1548265886.821180 28.77 88380 307200
1548265886.854700 35.92 110359 307200
1548265886.888210 33.77 103729 307200
1548265886.921730 34.03 104531 307200
1548265886.955230 37.41 114929 307200
1548265886.988750 37.24 114400 307200
1548265887.022280 31.32 96229 307200
1548265887.055800 32.11 98637 307200
1548265887.089320 33.25 102150 307200
1548265887.122870 29.86 91732 307200
1548265887.156400 31.41 96496 307200
1548265887.189910 27.22 83619 307200
1548265887.223460 33.10 101668 307200
1548265887.257080 32.01 98341 307200
1548265887.290490 20.47 62886 307200
1548265887.324010 27.92 85783 307200
1548265887.357520 26.81 82368 307200
1548265887.391040 19.17 58879 307200
1548265887.424660 22.98 70580 307200
1548265887.458180 26.54 81541 307200
1548265887.491690 19.48 59852 307200
1548265887.525210 21.76 66858 307200
1548265887.558720 27.89 85673 307200
1548265887.592200 18.79 57718 307200
1548265887.625650 23.15 71115 307200
1548265887.659100 24.25 74481 307200
1548265887.692610 19.46 59768 307200
1548265887.726110 19.72 60582 307200
1548265887.759600 25.78 79203 307200
1548265887.793080 25.04 76911 307200
1548265887.826460 19.83 60906 307200
1548265887.859920 29.26 89894 307200
1548265887.893440 26.18 80413 307200
1548265887.926950 27.11 83276 307200
1548265887.960470 28.30 86941 307200
1548265887.993980 28.64 87979 307200
1548265888.027500 26.38 81034 307200
1548265888.061020 25.53 78415 307200
1548265888.094560 26.14 80313 307200
1548265888.128110 30.58 93953 307200
1548265888.161670 31.99 98277 307200
1548265888.195670 33.49 102866 307200
1548265888.229180 34.37 105584 307200
1548265888.262700 29.36 90193 307200
1548265888.296210 28.85 88634 307200
1548265888.329730 30.27 93000 307200
1548265888.363320 33.60 103206 307200
1548265888.397010 33.79 103792 307200
1548265888.430530 30.09 92443 307200
1548265888.464040 36.61 112467 307200
1548265888.497380 32.42 99600 307200
1548265888.530830 25.55 78490 307200
1548265888.564200 33.21 102031 307200
1548265888.597340 34.13 104860 307200
1548265888.630850 34.76 106795 307200
1548265888.664370 37.24 114386 307200
1548265888.697880 37.99 116703 307200
1548265888.731560 40.45 124261 307200
1548265888.765210 42.13 129437 307200
1548265888.798810 48.04 147569 307200
1548265888.832330 44.43 136483 307200
1548265888.865760 41.60 127790 307200
1548265888.899140 45.44 139605 307200
1548265888.932500 49.54 152201 307200
1548265888.966010 43.75 134412 307200
1548265888.999530 51.59 158477 307200
1548265889.033040 49.20 151147 307200
1548265889.066720 53.81 165313 307200
1548265889.100280 51.75 158972 307200
1548265889.133880 51.26 157460 307200
1548265889.167490 44.68 137255 307200
1548265889.200830 46.97 144299 307200
1548265889.234310 40.12 123253 307200
1548265889.267630 38.32 117731 307200
1548265889.301080 39.68 121886 307200
1548265889.334590 42.78 131427 307200
1548265889.368180 37.92 116500 307200
1548265889.401890 37.23 114381 307200
1548265889.435440 28.12 86375 307200
1548265889.468960 27.77 85309 307200
1548265889.502470 29.01 89117 307200
1548265889.535990 24.57 75487 307200
1548265889.569470 33.31 102323 307200
1548265889.602790 33.18 101924 307200
1548265889.636240 35.18 108070 307200
1548265889.669650 33.11 101716 307200
1548265889.703150 33.39 102567 307200
1548265889.736660 36.21 111228 307200
1548265889.770170 31.58 97022 307200
1548265889.803680 36.96 113547 307200
1548265889.837200 36.03 110699 307200
1548265889.870680 34.46 105856 307200
1548265889.904200 37.48 115133 307200
1548265889.937710 46.23 142015 307200
1548265889.971260 42.91 131813 307200
1548265890.004790 43.10 132405 307200
1548265890.038340 44.52 136762 307200
1548265890.071860 44.22 135852 307200
1548265890.105380 41.14 126368 307200
1548265890.138920 41.47 127381 307200
1548265890.172490 39.19 120381 307200
1548265890.206090 39.99 122839 307200
1548265890.239610 42.25 129782 307200
1548265890.273280 38.18 117297 307200
1548265890.307030 39.81 122291 307200
1548265890.340580 40.66 124905 307200
1548265890.374130 43.84 134675 307200
1548265890.407670 42.82 131543 307200
1548265890.441260 40.68 124967 307200
1548265890.474700 48.10 147767 307200
1548265890.508220 44.63 137107 307200
1548265890.541740 43.40 133336 307200
1548265890.575280 60.39 185509 307200
1548265890.608840 43.21 132731 307200
1548265890.642360 42.47 130483 307200
1548265890.675870 46.06 141510 307200
1548265890.709400 40.81 125360 307200
1548265890.742920 65.14 200103 307200
1548265890.776420 63.67 195587 307200
1548265890.809910 64.51 198184 307200
1548265890.843410 43.98 135108 307200
1548265890.876930 41.99 128995 307200
1548265890.910430 42.39 130212 307200
1548265890.943930 38.48 118212 307200
1548265890.977410 35.87 110196 307200
1548265891.010920 32.74 100574 307200
1548265891.044310 35.05 107664 307200
1548265891.077790 31.24 95984 307200
1548265891.111210 30.00 92157 307200
1548265891.144720 31.68 97312 307200
1548265891.178180 33.92 104210 307200
1548265891.211530 30.77 94535 307200
1548265891.245000 28.24 86741 307200
1548265891.278480 32.15 98756 307200
1548265891.312000 32.22 98991 307200
1548265891.345540 40.57 124629 307200
1548265891.379110 40.62 124775 307200
1548265891.412580 33.30 102289 307200
1548265891.446060 31.36 96323 307200
1548265891.479570 37.23 114381 307200
1548265891.513080 34.92 107270 307200
1548265891.546610 34.06 104646 307200
1548265891.580130 39.30 120722 307200
1548265891.613670 36.15 111043 307200
1548265891.647190 34.08 104694 307200
1548265891.680700 38.56 118442 307200
1548265891.714190 39.51 121362 307200
1548265891.747690 36.07 110819 307200
1548265891.781220 32.57 100066 307200
1548265891.814810 35.14 107953 307200
1548265891.848320 35.56 109242 307200
1548265891.881840 29.20 89704 307200
1548265891.915370 44.11 135509 307200
1548265891.948950 46.16 141796 307200
1548265891.982480 31.26 96037 307200
1548265892.016020 43.47 133540 307200
1548265892.049560 42.34 130056 307200
1548265892.083090 29.31 90030 307200
1548265892.116610 28.94 88894 307200
1548265892.150120 28.63 87955 307200
1548265892.183650 27.07 83149 307200
1548265892.217160 29.00 89097 307200
1548265892.250680 29.15 89562 307200
1548265892.284700 29.08 89330 307200
1548265892.318240 27.82 85459 307200
1548265892.351750 24.23 74438 307200
1548265892.385270 30.31 93103 307200
1548265892.418790 21.59 66338 307200
1548265892.452280 22.86 70238 307200
1548265892.485800 20.62 63354 307200
1548265892.519220 29.44 90434 307200
