# timestamp inlier_ratio num_inliers num_total_matches
1548265882.533150 0.628421 597 950
1548265882.566560 0.506747 338 667
1548265882.600030 0.707014 625 884
1548265882.633440 0.721662 573 794
1548265882.665210 0.683143 539 789
1548265882.698670 0.712347 525 737
1548265882.732180 0.748531 637 851
1548265882.765670 0.735499 634 862
1548265882.799210 0.725000 580 800
1548265882.832700 0.817478 739 904
1548265882.866180 0.776201 711 916
1548265882.899700 0.753898 677 898
1548265882.933210 0.758980 655 863
1548265882.966730 0.767202 669 872
1548265883.000250 0.742890 653 879
1548265883.033800 0.737500 649 880
1548265883.067340 0.734163 649 884
1548265883.100860 0.762174 673 883
1548265883.134400 0.744509 644 865
1548265883.167910 0.762530 639 838
1548265883.201430 0.752768 612 813
1548265883.234950 0.727389 571 785
1548265883.268460 0.741036 558 753
1548265883.301800 0.697902 499 715
1548265883.335310 0.808486 705 872
1548265883.368830 0.785888 646 822
1548265883.402280 0.786649 601 764
1548265883.435790 0.778237 565 726
1548265883.469300 0.744012 497 668
1548265883.502820 0.772099 559 724
1548265883.536330 0.742942 500 673
1548265883.569820 0.696246 408 586
1548265883.603340 0.789552 529 670
1548265883.636850 0.694805 428 616
1548265883.670370 0.727273 456 627
1548265883.703910 0.724138 420 580
1548265883.737430 0.654628 290 443
1548265883.770950 0.715503 420 587
1548265883.804530 0.684685 380 555
1548265883.838180 0.732113 440 601
1548265883.871940 0.737705 450 610
1548265883.905460 0.736568 425 577
1548265883.939000 0.715808 403 563
1548265883.972510 0.724947 340 469
1548265884.006030 0.746183 391 524
1548265884.039550 0.747148 393 526
1548265884.073060 0.756646 370 489
1548265884.106580 0.721491 329 456
1548265884.140090 0.735225 311 423
1548265884.173590 0.722628 297 411
1548265884.206970 0.732426 323 441
1548265884.240470 0.841871 378 449
1548265884.273990 0.809896 311 384
1548265884.307480 0.842105 416 494
1548265884.340990 0.740577 334 451
1548265884.374510 0.749495 371 495
1548265884.408030 0.816017 377 462
1548265884.441190 0.714943 311 435
1548265884.474710 0.816626 334 409
1548265884.508230 0.716080 285 398
1548265884.541970 0.751269 296 394
1548265884.575610 0.796729 341 428
1548265884.609120 0.789203 307 389
1548265884.642640 0.775701 332 428
1548265884.676150 0.765333 287 375
1548265884.709670 0.789116 348 441
1548265884.743190 0.808102 379 469
1548265884.776700 0.781737 351 449
1548265884.810220 0.746929 304 407
1548265884.843710 0.776860 376 484
1548265884.877190 0.753623 364 483
1548265884.910640 0.777283 349 449
1548265884.944160 0.765766 340 444
1548265884.977740 0.747768 335 448
1548265885.011250 0.785185 318 405
1548265885.044770 0.752604 289 384
1548265885.078290 0.816135 435 533
1548265885.111800 0.800000 400 500
1548265885.145320 0.774011 411 531
1548265885.178890 0.787819 401 509
1548265885.212670 0.797938 387 485
1548265885.245870 0.800000 376 470
1548265885.279380 0.754678 363 481
1548265885.312810 0.706721 347 491
1548265885.346410 0.715884 320 447
1548265885.380420 0.749158 445 594
1548265885.413960 0.766208 390 509
1548265885.447470 0.751938 388 516
1548265885.480990 0.747232 405 542
1548265885.514510 0.757576 350 462
1548265885.548020 0.724138 357 493
1548265885.581520 0.730853 334 457
1548265885.614860 0.701944 325 463
1548265885.648370 0.703016 303 431
1548265885.681670 0.795000 477 600
1548265885.715190 0.736446 489 664
1548265885.748850 0.703822 442 628
1548265885.782220 0.743925 398 535
1548265885.815880 0.709615 369 520
1548265885.849400 0.672014 377 561
1548265885.882880 0.733615 347 473
1548265885.916400 0.700611 344 491
1548265885.949930 0.719486 336 467
1548265885.983450 0.669704 294 439
1548265886.016980 0.800693 462 577
1548265886.050490 0.744027 436 586
1548265886.084010 0.702797 402 572
1548265886.117600 0.700170 411 587
1548265886.151160 0.716878 395 551
1548265886.184730 0.719331 387 538
1548265886.218240 0.675393 387 573
1548265886.251770 0.692593 374 540
1548265886.285280 0.700193 362 517
1548265886.318790 0.717054 370 516
1548265886.352310 0.704331 374 531
1548265886.385830 0.696429 351 504
1548265886.419490 0.667347 327 490
1548265886.453000 0.693089 341 492
1548265886.486520 0.650838 233 358
1548265886.520030 0.715356 382 534
1548265886.553550 0.730983 394 539
1548265886.586910 0.626761 267 426
1548265886.620090 0.665474 372 559
1548265886.653600 0.682119 412 604
1548265886.687120 0.640511 351 548
1548265886.720630 0.565789 301 532
1548265886.754150 0.596899 308 516
1548265886.787670 0.583174 305 523
1548265886.821180 0.584200 281 481
1548265886.854700 0.683453 380 556
1548265886.888210 0.672840 436 648
1548265886.921730 0.709571 430 606
1548265886.955230 0.671875 344 512
1548265886.988750 0.676106 382 565
1548265887.022280 0.639785 357 558
1548265887.055800 0.660952 347 525
1548265887.089320 0.676692 360 532
1548265887.122870 0.669201 352 526
1548265887.156400 0.636008 325 511
1548265887.189910 0.758486 581 766
1548265887.223460 0.765730 572 747
1548265887.257080 0.693850 519 748
1548265887.290490 0.721333 541 750
1548265887.324010 0.712692 511 717
1548265887.357520 0.706294 505 715
1548265887.391040 0.734694 504 686
1548265887.424660 0.751479 508 676
1548265887.458180 0.720365 474 658
1548265887.491690 0.691473 446 645
1548265887.525210 0.699842 443 633
1548265887.558720 0.711356 451 634
1548265887.592200 0.672282 439 653
1548265887.625650 0.712460 446 626
1548265887.659100 0.681373 417 612
1548265887.692610 0.648867 401 618
1548265887.726110 0.699130 402 575
1548265887.759600 0.685908 404 589
1548265887.793080 0.714539 403 564
1548265887.826460 0.705653 362 513
1548265887.859920 0.773862 527 681
1548265887.893440 0.746706 510 683
1548265887.926950 0.701587 442 630
1548265887.960470 0.687813 412 599
1548265887.993980 0.723958 417 576
1548265888.027500 0.680927 382 561
1548265888.061020 0.796610 517 649
1548265888.094560 0.766667 483 630
1548265888.128110 0.750462 406 541
1548265888.161670 0.647423 314 485
1548265888.195670 0.778980 504 647
1548265888.229180 0.737261 463 628
1548265888.262700 0.765751 474 619
1548265888.296210 0.705776 391 554
1548265888.329730 0.738140 389 527
1548265888.363320 0.731006 356 487
1548265888.397010 0.706458 361 511
1548265888.430530 0.750000 354 472
1548265888.464040 0.689815 298 432
1548265888.497380 0.731107 416 569
1548265888.530830 0.680851 384 564
1548265888.564200 0.697674 360 516
1548265888.597340 0.708154 330 466
1548265888.630850 0.662844 289 436
1548265888.664370 0.791128 428 541
1548265888.697880 0.705628 326 462
1548265888.731560 0.723810 304 420
1548265888.765210 0.690096 216 313
1548265888.798810 0.683824 186 272
1548265888.832330 0.599379 193 322
1548265888.865760 0.731214 253 346
1548265888.899140 0.674157 180 267
1548265888.932500 0.696133 252 362
1548265888.966010 0.657321 211 321
1548265888.999530 0.567460 143 252
1548265889.033040 0.747153 328 439
1548265889.066720 0.602524 191 317
1548265889.100280 0.485401 133 274
1548265889.133880 0.691771 496 717
1548265889.167490 0.569636 454 797
1548265889.200830 0.564895 457 809
1548265889.234310 0.513995 404 786
1548265889.267630 0.520672 403 774
1548265889.301080 0.426523 238 558
1548265889.334590 0.416667 200 480
1548265889.368180 0.596457 303 508
1548265889.401890 0.547210 255 466
1548265889.435440 0.710210 473 666
1548265889.468960 0.650675 434 667
1548265889.502470 0.595611 380 638
1548265889.535990 0.621988 413 664
1548265889.569470 0.613565 389 634
1548265889.602790 0.620504 345 556
1548265889.636240 0.550813 271 492
1548265889.669650 0.717172 426 594
1548265889.703150 0.671875 387 576
1548265889.736660 0.637343 355 557
1548265889.770170 0.623274 316 507
1548265889.803680 0.649667 293 451
1548265889.837200 0.602353 256 425
1548265889.870680 0.718447 370 515
1548265889.904200 0.633188 290 458
1548265889.937710 0.645408 253 392
1548265889.971260 0.710204 348 490
1548265890.004790 0.685279 270 394
1548265890.038340 0.646192 263 407
1548265890.071860 0.663848 314 473
1548265890.105380 0.631004 289 458
1548265890.138920 0.626866 294 469
1548265890.172490 0.608696 266 437
1548265890.206090 0.593478 273 460
1548265890.239610 0.565632 237 419
1548265890.273280 0.764323 587 768
1548265890.307030