1548265882499630080.000000 0.000000000 0.000000000 0.000000000 -0.000000000 -0.000000000 -0.000000000 1.000000000
1548265882566560000.000000 0.111837476 -0.042489387 -0.030517295 -0.008443310 -0.017535441 -0.008143281 0.999777436
1548265882600029952.000000 0.001298407 -0.002611245 -0.006250556 -0.004139147 0.005416282 -0.012492971 0.999898732
1548265882665210112.000000 0.042245358 -0.013411044 -0.022554286 -0.011042053 0.007702967 -0.018138312 0.999744892
1548265882698669824.000000 -0.022765420 0.023864400 -0.003409481 -0.008404487 0.017894885 -0.017278979 0.999655247
1548265882799209984.000000 0.015260073 0.007856749 -0.006857586 -0.020799424 0.006089746 -0.010066846 0.999714494
1548265883301799936.000000 0.028680319 0.042148683 -0.095263377 -0.014033251 0.006752821 -0.006450746 0.999857962
1548265883469299968.000000 0.069431961 0.027155794 -0.124745913 -0.012297271 0.004768370 -0.004120316 0.999904573
1548265883569819904.000000 0.089496240 0.029611154 -0.138251841 -0.009170380 0.015011540 0.000156860 0.999845266
1548265883703910144.000000 0.068948746 0.027868075 -0.144080877 -0.001177460 0.043352973 0.005306508 0.999045074
1548265883737430016.000000 0.112560593 0.019100666 -0.150193170 0.000038344 0.045020986 0.007005650 0.998961508
1548265883804529920.000000 0.065758243 0.030187726 -0.147696212 0.006454561 0.067209639 0.010842663 0.997659087
1548265883972510208.000000 0.102066062 0.017677769 -0.146648929 0.015305271 0.083056815 0.021294413 0.996199727
1548265884206969856.000000 0.042809378 0.035316516 -0.119331680 0.026991237 0.115098476 0.022129642 0.992740691
1548265884273989888.000000 0.046042822 0.044243205 -0.117919140 0.028175620 0.122804955 0.022043820 0.991785884
1548265884374510080.000000 0.039579742 0.051939037 -0.108280607 0.024376547 0.134047493 0.020503713 0.990462899
1548265884441189888.000000 0.068661004 0.029868603 -0.108308300 0.016668329 0.142418474 0.020028912 0.989463508
1548265884508229888.000000 0.055411335 0.023381403 -0.102692246 0.014342486 0.152887076 0.020574201 0.987925410
1548265884676150016.000000 0.056702215 0.013430321 -0.085202113 0.013741446 0.187758029 0.035429239 0.981480002
1548265884810220032.000000 0.085753113 0.007951478 -0.098010421 0.017648408 0.216122150 0.057069812 0.974537253
1548265885044770048.000000 0.028663952 0.035010073 -0.073164813 0.019155713 0.267155945 0.087684952 0.959464490
1548265885346409984.000000 -0.025386952 0.033546500 -0.064816058 0.009905405 0.309194416 0.107459508 0.944856167
1548265885648369920.000000 -0.057196446 0.017547145 -0.038458645 -0.001883727 0.357866526 0.126602724 0.925148487
1548265885983449856.000000 -0.077084437 -0.001980686 0.004204905 -0.000691640 0.399988472 0.151741594 0.903871238
1548265886486520064.000000 -0.108859010 -0.034382604 0.033414785 0.026148545 0.424385011 0.175285921 0.887968719
1548265886586909952.000000 -0.130856857 -0.045532607 0.045577973 0.030559283 0.440659255 0.177592963 0.879401147
1548265886821180160.000000 -0.170459628 -0.069529623 0.072056435 0.036971793 0.477360040 0.191757560 0.856731951
1548265887156399872.000000 -0.240393430 -0.084806882 0.129449427 0.032742813 0.528899014 0.203888640 0.823178709
1548265887826459904.000000 -0.270423859 -0.105470955 0.223318458 0.035801645 0.562179267 0.226962090 0.794456363
1548265888027500032.000000 -0.231582731 -0.123692222 0.266918719 0.034654420 0.575174749 0.240674987 0.781056166
1548265888161669888.000000 -0.199095279 -0.119127855 0.294940650 0.034094512 0.587801933 0.246182278 0.769883573
1548265888464039936.000000 -0.119395554 -0.143491581 0.345707864 0.035206091 0.619897962 0.254656315 0.741375327
1548265888630850048.000000 -0.075561374 -0.164479122 0.360794872 0.032651484 0.635519922 0.260260493 0.726163089
1548265888765209856.000000 -0.050195038 -0.158149958 0.389183968 0.031296410 0.655385554 0.261240691 0.707985640
1548265888832329984.000000 -0.036158353 -0.172981471 0.410044402 0.026563380 0.670771241 0.266932338 0.691453159
1548265888899139840.000000 -0.036347419 -0.146586969 0.435563356 0.028271183 0.682741046 0.267963290 0.679162025
1548265888999529984.000000 0.002911747 -0.177257866 0.466542095 0.023746995 0.702548027 0.283168435 0.652440071
1548265889100280064.000000 0.003271282 -0.153271675 0.433186114 0.024336992 0.719905436 0.294098049 0.628211915
1548265889334589952.000000 0.077563643 -0.217071339 0.455380112 0.027481481 0.760274470 0.310587615 0.569879651
1548265889401890048.000000 0.097582817 -0.243086562 0.461478293 0.028990770 0.770720065 0.313448817 0.553985536
1548265889636240128.000000 0.142631650 -0.271142244 0.466321319 0.019508243 0.783196449 0.316092134 0.535078168
1548265889837199872.000000 0.203893185 -0.260448426 0.486563832 0.005609481 0.795938909 0.319256127 0.514320314
1548265889937710080.000000 0.255781651 -0.278174847 0.493816674 -0.001077582 0.802496552 0.326900393 0.499133497
1548265890239609856.000000 0.390112638 -0.254638195 0.514939487 -0.005561418 0.834471107 0.342026293 0.432024390
1548265890575279872.000000 0.523216009 -0.252957612 0.464212805 -0.012085196 0.860006154 0.373087436 0.347921163
1548265890742919936.000000 0.632210314 -0.239196628 0.490523756 -0.019686883 0.877819836 0.382766008 0.287289143
1548265890876930048.000000 0.579998672 -0.182609394 0.363205224 -0.023619412 0.879546523 0.395651966 0.263248086
1548265891077789952.000000 0.642382383 -0.146291137 0.348849684 -0.010955111 0.891129136 0.409546524 0.195039973
1548265891345540096.000000 0.702427089 -0.135388434 0.306170821 -0.009930369 0.895583451 0.414850235 0.160408556
1548265891446060032.000000 0.715133727 -0.128647521 0.287991017 -0.009419797 0.897046745 0.416709006 0.146874040
1548265891680700160.000000 0.761663437 -0.086286090 0.250176013 -0.003852315 0.895301998 0.426424623 0.128769442
1548265891814810112.000000 0.791350365 -0.040165838 0.246144027 0.007445528 0.892773926 0.426524758 0.144830495
1548265891915369984.000000 0.814330935 -0.032820389 0.197043419 0.000501827 0.887391388 0.430806130 0.164141059
1548265892150119936.000000 0.877198279 0.009397760 0.114504635 -0.016205654 0.881386399 0.434777170 0.184022322
1548265892519220224.000000 0.954667926 0.082679391 0.028671265 -0.016006734 0.875011206 0.434850216 0.212142557
