1548265882.499630 0.0000000 0.0000000 0.0000000 -0.0000000 -0.0000000 -0.0000000 1.0000000
1548265882.566560 0.1118375 -0.0424894 -0.0305173 -0.0084433 -0.0175354 -0.0081433 0.9997774
1548265882.600030 0.0012984 -0.0026112 -0.0062506 -0.0041391 0.0054163 -0.0124930 0.9998987
1548265882.665210 0.0422454 -0.0134110 -0.0225543 -0.0110421 0.0077030 -0.0181383 0.9997449
1548265882.698670 -0.0227654 0.0238644 -0.0034095 -0.0084045 0.0178949 -0.0172790 0.9996552
1548265882.799210 0.0152601 0.0078567 -0.0068576 -0.0207994 0.0060897 -0.0100668 0.9997145
1548265883.301800 0.0286803 0.0421487 -0.0952634 -0.0140333 0.0067528 -0.0064507 0.9998580
1548265883.469300 0.0694320 0.0271558 -0.1247459 -0.0122973 0.0047684 -0.0041203 0.9999046
1548265883.569820 0.0894962 0.0296112 -0.1382518 -0.0091704 0.0150115 0.0001569 0.9998453
1548265883.703910 0.0689487 0.0278681 -0.1440809 -0.0011775 0.0433530 0.0053065 0.9990451
1548265883.737430 0.1125606 0.0191007 -0.1501932 0.0000383 0.0450210 0.0070057 0.9989615
1548265883.804530 0.0657582 0.0301877 -0.1476962 0.0064546 0.0672096 0.0108427 0.9976591
1548265883.972510 0.1020661 0.0176778 -0.1466489 0.0153053 0.0830568 0.0212944 0.9961997
1548265884.206970 0.0428094 0.0353165 -0.1193317 0.0269912 0.1150985 0.0221296 0.9927407
1548265884.273990 0.0460428 0.0442432 -0.1179191 0.0281756 0.1228050 0.0220438 0.9917859
1548265884.374510 0.0395797 0.0519390 -0.1082806 0.0243765 0.1340475 0.0205037 0.9904629
1548265884.441190 0.0686610 0.0298686 -0.1083083 0.0166683 0.1424185 0.0200289 0.9894635
1548265884.508230 0.0554113 0.0233814 -0.1026922 0.0143425 0.1528871 0.0205742 0.9879254
1548265884.676150 0.0567022 0.0134303 -0.0852021 0.0137414 0.1877580 0.0354292 0.9814800
1548265884.810220 0.0857531 0.0079515 -0.0980104 0.0176484 0.2161222 0.0570698 0.9745373
1548265885.044770 0.0286640 0.0350101 -0.0731648 0.0191557 0.2671559 0.0876850 0.9594645
1548265885.346410 -0.0253870 0.0335465 -0.0648161 0.0099054 0.3091944 0.1074595 0.9448562
1548265885.648370 -0.0571964 0.0175471 -0.0384586 -0.0018837 0.3578665 0.1266027 0.9251485
1548265885.983450 -0.0770844 -0.0019807 0.0042049 -0.0006916 0.3999885 0.1517416 0.9038712
1548265886.486520 -0.1088590 -0.0343826 0.0334148 0.0261485 0.4243850 0.1752859 0.8879687
1548265886.586910 -0.1308569 -0.0455326 0.0455780 0.0305593 0.4406593 0.1775930 0.8794011
1548265886.821180 -0.1704596 -0.0695296 0.0720564 0.0369718 0.4773600 0.1917576 0.8567320
1548265887.156400 -0.2403934 -0.0848069 0.1294494 0.0327428 0.5288990 0.2038886 0.8231787
1548265887.826460 -0.2704239 -0.1054710 0.2233185 0.0358016 0.5621793 0.2269621 0.7944564
1548265888.027500 -0.2315827 -0.1236922 0.2669187 0.0346544 0.5751747 0.2406750 0.7810562
1548265888.161670 -0.1990953 -0.1191279 0.2949407 0.0340945 0.5878019 0.2461823 0.7698836
1548265888.464040 -0.1193956 -0.1434916 0.3457079 0.0352061 0.6198980 0.2546563 0.7413753
1548265888.630850 -0.0755614 -0.1644791 0.3607949 0.0326515 0.6355199 0.2602605 0.7261631
1548265888.765210 -0.0501950 -0.1581500 0.3891840 0.0312964 0.6553856 0.2612407 0.7079856
1548265888.832330 -0.0361584 -0.1729815 0.4100444 0.0265634 0.6707712 0.2669323 0.6914532
1548265888.899140 -0.0363474 -0.1465870 0.4355634 0.0282712 0.6827410 0.2679633 0.6791620
1548265888.999530 0.0029117 -0.1772579 0.4665421 0.0237470 0.7025480 0.2831684 0.6524401
1548265889.100280 0.0032713 -0.1532717 0.4331861 0.0243370 0.7199054 0.2940980 0.6282119
1548265889.334590 0.0775636 -0.2170713 0.4553801 0.0274815 0.7602745 0.3105876 0.5698797
1548265889.401890 0.0975828 -0.2430866 0.4614783 0.0289908 0.7707201 0.3134488 0.5539855
1548265889.636240 0.1426316 -0.2711422 0.4663213 0.0195082 0.7831964 0.3160921 0.5350782
1548265889.837200 0.2038932 -0.2604484 0.4865638 0.0056095 0.7959389 0.3192561 0.5143203
1548265889.937710 0.2557817 -0.2781748 0.4938167 -0.0010776 0.8024966 0.3269004 0.4991335
1548265890.239610 0.3901126 -0.2546382 0.5149395 -0.0055614 0.8344711 0.3420263 0.4320244
1548265890.575280 0.5232160 -0.2529576 0.4642128 -0.0120852 0.8600062 0.3730874 0.3479212
1548265890.742920 0.6322103 -0.2391966 0.4905238 -0.0196869 0.8778198 0.3827660 0.2872891
1548265890.876930 0.5799987 -0.1826094 0.3632052 -0.0236194 0.8795465 0.3956520 0.2632481
1548265891.077790 0.6423824 -0.1462911 0.3488497 -0.0109551 0.8911291 0.4095465 0.1950400
1548265891.345540 0.7024271 -0.1353884 0.3061708 -0.0099304 0.8955835 0.4148502 0.1604086
1548265891.446060 0.7151337 -0.1286475 0.2879910 -0.0094198 0.8970467 0.4167090 0.1468740
1548265891.680700 0.7616634 -0.0862861 0.2501760 -0.0038523 0.8953020 0.4264246 0.1287694
1548265891.814810 0.7913504 -0.0401658 0.2461440 0.0074455 0.8927739 0.4265248 0.1448305
1548265891.915370 0.8143309 -0.0328204 0.1970434 0.0005018 0.8873914 0.4308061 0.1641411
1548265892.150120 0.8771983 0.0093978 0.1145046 -0.0162057 0.8813864 0.4347772 0.1840223
1548265892.519220 0.9546679 0.0826794 0.0286713 -0.0160067 0.8750112 0.4348502 0.2121426
