0.0082
0.0163
0.0180
0.0171
0.0177
0.0215
0.0216
0.0200
0.0173
0.0161
0.0147
0.0131
0.0197
0.0160
0.0140
0.0149
0.0159
0.0139
0.0135
0.0127
0.0144
0.0142
0.0161
0.0169
0.0158
0.0145
0.0152
0.0135
0.0214
0.0178
0.0179
0.0189
0.0382
0.0219
0.0208
0.0187
0.0304
0.0307
0.0327
0.0398
0.0366
0.0323
0.0260
0.0318
0.0274
0.0294
0.0283
0.0264
0.0288
0.0246
0.0297
0.0269
0.0286
0.0284
0.0332
0.0294
0.0323
0.0465
0.0400
0.0287
0.0341
0.0315
0.0313
0.0333
0.0306
0.0281
0.0306
0.0316
0.0361
0.0345
0.0343
0.0319
0.0325
0.0284
0.0301
0.0400
0.0312
0.0291
0.0360
0.0329
0.0324
0.0353
0.0422
0.0322
0.0387
0.0305
0.0360
0.0411
0.0388
0.0316
0.0300
0.0354
0.0344
0.0337
0.0337
0.0270
0.0308
0.0287
0.0460
0.0392
0.0337
0.0318
0.0340
0.0400
0.0360
0.0535
0.0333
0.0458
0.0291
0.0467
0.0298
0.0429
0.0279
0.0261
0.0404
0.0302
0.0396
0.0441
0.0272
0.0311
0.0332
0.0498
0.0423
0.0318
0.0383
0.0377
0.0371
0.0497
0.0322
0.0265
0.0400
0.0529
0.0364
0.0445
0.0531
0.0433
0.0320
0.0441
0.0426
0.0325
0.0303
0.0354
0.0402
0.0260
0.0372
0.0323
0.0266
0.0536
0.0362
0.0329
0.0455
0.0289
0.0306
0.0281
0.0278
0.0264
0.0280
0.0348
0.0339
0.0259
0.0305
0.0347
0.0412
0.0435
0.0290
0.0341
0.0425
0.0330
0.0442
0.0470
0.0294
0.0455
0.0475
0.0532
0.0354
0.0412
0.0458
0.0405
0.0429
0.0356
0.0287
0.0403
0.0448
0.0349
0.0436
0.0320
0.0454
0.0266
0.0367
0.0472
0.0285
0.0470
0.0279
0.0294
0.0421
0.0383
0.0362
0.0478
0.0478
0.0319
0.0304
0.0331
0.0438
0.0421
0.0279
0.0346
0.0312
0.0333
0.0280
0.0406
0.0344
0.0290
0.0268
0.0272
0.0263
0.0316
0.0304
0.0408
0.0335
0.0415
0.0316
0.0336
0.0384
0.0393
0.0342
0.0422
0.0389
0.0413
0.0384
0.0387
0.0464
0.0368
0.0419
0.0291
0.0437
0.0349
0.0256
0.0302
0.0283
0.0285
0.0383
0.0469
0.0426
0.0320
0.0432
0.0348
0.0431
0.0378
0.0389
0.0275
0.0263
0.0439
0.0337
0.0325
0.0343
0.0439
0.0420
0.0349
0.0277
0.0291
0.0302
0.0344
0.0446
0.0269
0.0290
0.0355
0.0302
0.0278
0.0498
0.0354
0.0401
0.0318
0.0379
0.0448
0.0393
0.0307
0.0254
0.0311
0.0312
0.0264
0.0320
0.0298
0.0272
0.0270
0.0352
0.0428
0.0406
0.0328
0.0370
0.0280
0.0246
0.0283
0.0342
0.0440
0.0346
0.0398
0.0305
0.0326
0.0387
0.0248
