##[Gaussian Mapper]keyframe id, dssim
0 0.7154831290
1 0.7279943824
2 0.7278997898
3 0.7399634719
4 0.7437937856
5 0.7291817665
6 0.7488479614
7 0.7531746030
8 0.7540243864
9 0.7540453672
10 0.7554190159
11 0.7532399893
12 0.7509542704
13 0.7457073331
14 0.7487959266
15 0.7460881472
16 0.7156571746
17 0.7046598196
18 0.7143118978
19 0.7315573096
20 0.7443283796
21 0.7125524282
22 0.7049151063
23 0.6925137639
24 0.7050751448
25 0.6740993857
26 0.6372731924
27 0.6177538037
28 0.6118721962
29 0.6146500707
30 0.6321524978
31 0.6491740346
32 0.6563611031
33 0.6403800845
34 0.6693716049
35 0.6804188490
36 0.7055299282
37 0.7163432837
38 0.7139202356
39 0.7103946209
40 0.7044643760
41 0.6991516948
42 0.6825550795
43 0.6797620058
44 0.6705144048
45 0.6580964923
46 0.6569541097
47 0.6506724954
48 0.6354613304
49 0.6411983371
50 0.6886479259
51 0.6838661432
52 0.7107305527
53 0.7191190720
54 0.7196141481
55 0.7065612674
56 0.7011843920
57 0.6799400449
58 0.6685902476
59 0.6316320300
60 0.6322223544
61 0.6183037162
62 0.6088203192
63 0.5847414136
64 0.5855705738
65 0.5661222339
