##[Gaussian Mapper]keyframe id, psnr
0 14.7639265060
1 14.5275707245
2 14.5682964325
3 14.8718919754
4 15.0789928436
5 15.1301841736
6 15.3851356506
7 15.4191741943
8 15.2483520508
9 15.3321695328
10 15.4737262726
11 15.6327867508
12 15.7169542313
13 15.7333908081
14 15.8094062805
15 15.5026798248
16 14.9234428406
17 14.7535953522
18 15.1975049973
19 15.9930000305
20 16.5966777802
21 14.9060487747
22 14.6257228851
23 14.6505565643
24 14.5875644684
25 13.5248575211
26 12.3523159027
27 11.8460407257
28 12.4905958176
29 12.4392042160
30 12.8784132004
31 13.2933330536
32 13.4956436157
33 13.5701389313
34 14.3248462677
35 14.1676816940
36 14.5576810837
37 14.6445388794
38 14.5399141312
39 14.4020318985
40 14.2122697830
41 14.1110191345
42 13.8910427094
43 13.7905235291
44 13.5944080353
45 13.6091308594
46 13.4748992920
47 13.0993213654
48 13.0445337296
49 13.0593147278
50 13.8638858795
51 13.2025318146
52 14.3635082245
53 15.1676454544
54 14.7043666840
55 13.5310316086
56 13.3384532928
57 12.9080314636
58 12.6034784317
59 12.1277675629
60 11.6905069351
61 11.4536914825
62 11.3150615692
63 11.0271053314
64 10.6253261566
65 10.0541543961
