##[Gaussian Mapper]keyframe id, psnr_gaussian_splatting
0 14.7659759521
1 14.5296363831
2 14.5704030991
3 14.8745651245
4 15.0824632645
5 15.1338500977
6 15.3895797729
7 15.4242277145
8 15.2529478073
9 15.3368902206
10 15.4790582657
11 15.6392173767
12 15.7236137390
13 15.7399988174
14 15.8171157837
15 15.5096797943
16 14.9289684296
17 14.7591199875
18 15.1982860565
19 15.9941616058
20 16.5988578796
21 14.9073200226
22 14.6349706650
23 14.6612682343
24 14.6022434235
25 13.5463943481
26 12.3697891235
27 11.8605756760
28 12.5107650757
29 12.4589614868
30 12.8920164108
31 13.3012237549
32 13.5046339035
33 13.5797157288
34 14.3302249908
35 14.1717796326
36 14.5612430573
37 14.6493606567
38 14.5450630188
39 14.4068050385
40 14.2163743973
41 14.1145467758
42 13.8925695419
43 13.7919187546
44 13.5954275131
45 13.6094036102
46 13.4755220413
47 13.0999994278
48 13.0452346802
49 13.0601587296
50 13.8661746979
51 13.2064228058
52 14.3714752197
53 15.1820421219
54 14.7213840485
55 13.5503368378
56 13.3585920334
57 12.9313640594
58 12.6242589951
59 12.1409759521
60 11.6995010376
61 11.4629249573
62 11.3240633011
63 11.0331745148
64 10.6287755966
65 10.0605850220
