##[Gaussian Mapper]Render time statistics: keyframe id, time(milliseconds)
0 0.48488400
1 0.45856500
2 0.41083900
3 0.44642900
4 0.47356500
5 0.45861700
6 0.44741300
7 0.43061700
8 0.57857700
9 0.43208500
10 0.44436900
11 0.51985000
12 0.40907200
13 0.56204500
14 0.44703600
15 0.40437200
16 0.51162000
17 0.46027400
18 0.44264700
19 0.41735200
20 0.44812300
21 0.42536400
22 0.46770100
23 0.42749300
24 0.46105900
25 0.42704400
26 0.46137100
27 0.45104800
28 0.38888200
29 0.39211500
30 0.40531100
31 0.39165000
32 0.39237600
33 0.39049900
34 0.37564400
35 0.39102200
36 0.41269700
37 0.42980500
38 0.42055100
39 0.39554800
40 0.40058000
41 0.39976600
42 0.40295800
43 0.40200900
44 0.47208300
45 0.41408000
46 0.41961200
47 0.40037500
48 0.41563200
49 0.38542200
50 0.41371900
51 0.46599000
52 0.38287600
53 0.37563500
54 0.39138900
55 0.39080800
56 0.41769900
57 0.37796800
58 0.38749400
59 0.59049100
60 0.39511800
61 0.42611700
62 0.39953100
63 0.43006100
64 0.51853500
65 0.49907300
